2.939439999999999742e+01,5.200379999999999825e+01,7.767889999999999873e+01,9.000000000000000000e+01,2.410000000000000000e+02
8.654299999999999216e+00,1.358699999999999974e+01,1.471300000000000097e+01,9.400000000000000000e+01,2.970000000000000000e+02
1.024430000000000085e+01,1.372180000000000000e+01,2.374099999999999966e+01,3.600000000000000000e+01,4.060000000000000000e+02
9.379800000000001248e+00,1.742470000000000141e+01,1.969450000000000145e+01,9.300000000000000000e+01,1.100000000000000000e+01
3.335949999999999704e+01,2.884700000000000131e+01,7.865850000000000364e+01,2.900000000000000000e+01,5.950000000000000000e+02
2.910150000000000148e+01,4.957329999999999615e+01,8.115380000000000393e+01,8.000000000000000000e+01,5.000000000000000000e+00
3.013109999999999999e+01,3.389690000000000225e+01,9.299549999999999272e+01,1.050000000000000000e+02,4.880000000000000000e+02
4.138349999999999795e+01,2.969910000000000139e+01,8.731989999999998986e+01,4.900000000000000000e+01,4.900000000000000000e+01
4.909029999999999916e+01,1.874619999999999820e+01,8.316949999999999932e+01,7.500000000000000000e+01,2.090000000000000000e+02
4.557840000000000202e+01,4.334700000000000131e+01,7.953559999999998809e+01,6.200000000000000000e+01,2.650000000000000000e+02
1.649729999999999919e+01,1.235590000000000011e+01,2.338840000000000074e+01,5.300000000000000000e+01,1.000000000000000000e+01
1.039710000000000001e+01,1.872220000000000084e+01,2.129879999999999995e+01,9.300000000000000000e+01,2.240000000000000000e+02
8.684699999999999420e+00,4.121589999999999776e+01,8.862860000000000582e+01,1.360000000000000000e+02,4.310000000000000000e+02
1.509689999999999976e+01,2.006189999999999785e+01,2.007890000000000086e+01,6.700000000000000000e+01,1.510000000000000000e+02
1.614579999999999771e+01,1.913509999999999778e+01,1.602759999999999962e+01,7.400000000000000000e+01,2.200000000000000000e+01
5.179690000000000083e+01,4.500379999999999825e+01,6.166110000000000468e+01,1.110000000000000000e+02,4.910000000000000000e+02
1.657579999999999742e+01,1.256150000000000055e+01,2.548639999999999617e+01,4.700000000000000000e+01,4.620000000000000000e+02
3.872479999999999478e+01,3.791610000000000014e+01,8.576380000000000337e+01,4.400000000000000000e+01,1.700000000000000000e+01
2.488870000000000005e+01,2.681819999999999737e+01,6.835900000000000887e+01,1.700000000000000000e+01,1.800000000000000000e+01
2.993239999999999768e+01,5.079329999999999501e+01,7.933259999999999934e+01,9.000000000000000000e+01,0.000000000000000000e+00
3.153569999999999851e+01,4.641779999999999973e+01,8.361480000000000246e+01,7.200000000000000000e+01,2.580000000000000000e+02
9.168400000000000105e+00,1.126879999999999882e+01,5.437000000000000277e+00,1.430000000000000000e+02,1.820000000000000000e+02
1.751399999999999935e+01,1.743900000000000006e+01,1.618350000000000222e+01,7.400000000000000000e+01,5.700000000000000000e+01
1.474890000000000079e+01,1.016490000000000116e+01,2.829800000000000093e+00,1.380000000000000000e+02,2.300000000000000000e+01
2.535999999999999943e+01,5.545710000000000406e+01,6.054509999999999792e+01,1.210000000000000000e+02,3.920000000000000000e+02
1.991580000000000084e+01,2.216239999999999810e+01,4.177390000000000470e+01,2.400000000000000000e+01,2.890000000000000000e+02
3.003120000000000189e+01,2.844619999999999749e+01,6.800460000000001060e+01,1.900000000000000000e+01,1.530000000000000000e+02
3.985110000000000241e+01,2.703590000000000160e+01,9.044579999999999131e+01,5.700000000000000000e+01,2.700000000000000000e+01
1.958890000000000242e+01,3.659949999999999903e+01,9.408450000000000557e+01,1.200000000000000000e+02,2.800000000000000000e+01
9.491400000000000503e+00,1.501319999999999943e+01,2.251670000000000016e+01,3.600000000000000000e+01,3.320000000000000000e+02
3.074410000000000309e+01,2.482519999999999882e+01,9.653730000000000189e+01,5.800000000000000000e+01,6.490000000000000000e+02
2.488489999999999824e+01,2.124320000000000164e+01,6.159909999999999286e+01,2.000000000000000000e+00,3.310000000000000000e+02
3.174960000000000093e+01,4.794979999999999620e+01,8.209839999999999804e+01,7.200000000000000000e+01,2.000000000000000000e+01
3.534819999999999851e+01,1.552580000000000027e+01,9.312479999999999336e+01,7.300000000000000000e+01,6.600000000000000000e+02
2.937709999999999866e+01,2.152199999999999847e+01,9.716129999999999711e+01,6.600000000000000000e+01,5.540000000000000000e+02
1.079349999999999987e+01,1.023390000000000022e+01,5.594799999999999329e+00,1.430000000000000000e+02,2.250000000000000000e+02
5.399559999999999604e+01,1.255630000000000024e+01,7.045280000000001053e+01,1.230000000000000000e+02,9.000000000000000000e+01
5.189719999999999800e+01,1.925060000000000215e+01,7.952799999999999159e+01,1.020000000000000000e+02,2.730000000000000000e+02
7.532300000000000217e+00,1.465299999999999869e+01,4.375399999999999956e+00,1.400000000000000000e+02,6.680000000000000000e+02
2.026849999999999952e+01,1.638260000000000005e+01,3.853640000000000043e+01,5.200000000000000000e+01,3.900000000000000000e+01
1.837090000000000245e+01,3.519209999999999638e+01,9.460760000000000502e+01,1.200000000000000000e+02,4.000000000000000000e+01
2.072040000000000148e+01,3.468410000000000082e+01,9.491549999999999443e+01,1.130000000000000000e+02,2.980000000000000000e+02
4.813919999999999533e+01,3.632050000000000267e+01,8.159490000000000975e+01,6.300000000000000000e+01,3.970000000000000000e+02
4.507070000000000221e+01,3.600929999999999609e+01,8.359929999999999950e+01,4.800000000000000000e+01,6.810000000000000000e+02
1.731210000000000093e+01,1.284970000000000034e+01,7.691600000000000215e+00,1.220000000000000000e+02,7.000000000000000000e+01
2.240620000000000189e+01,2.590140000000000242e+01,6.168249999999999744e+01,7.000000000000000000e+00,6.660000000000000000e+02
2.445799999999999841e+01,2.220789999999999864e+01,5.259059999999999491e+01,3.000000000000000000e+00,2.460000000000000000e+02
1.800769999999999982e+01,2.328969999999999985e+01,4.899329999999999785e+01,1.400000000000000000e+01,3.850000000000000000e+02
3.170649999999999835e+01,4.075939999999999941e+01,8.931860000000000355e+01,9.700000000000000000e+01,4.800000000000000000e+01
4.293789999999999907e+01,2.689590000000000103e+01,8.751210000000000377e+01,4.900000000000000000e+01,2.630000000000000000e+02
3.896620000000000061e+01,3.002710000000000079e+01,8.945640000000000214e+01,4.900000000000000000e+01,5.000000000000000000e+01
1.374150000000000027e+01,1.040949999999999953e+01,1.257689999999999841e+01,1.170000000000000000e+02,2.040000000000000000e+02
5.288629999999999853e+01,4.057019999999999982e+01,7.263119999999999266e+01,8.700000000000000000e+01,2.700000000000000000e+02
3.143719999999999715e+01,3.081650000000000134e+01,7.283400000000000318e+01,2.500000000000000000e+01,5.300000000000000000e+01
1.208520000000000039e+01,1.996199999999999974e+01,9.223599999999999355e+00,1.310000000000000000e+02,5.970000000000000000e+02
2.501699999999999946e+01,2.308119999999999905e+01,5.430880000000000507e+01,3.000000000000000000e+00,2.110000000000000000e+02
2.055659999999999954e+01,2.246259999999999835e+01,4.388839999999999719e+01,1.100000000000000000e+01,4.810000000000000000e+02
1.519469999999999921e+01,1.962359999999999971e+01,1.379659999999999975e+01,7.400000000000000000e+01,5.010000000000000000e+02
2.723740000000000094e+01,2.466469999999999985e+01,6.048579999999999757e+01,1.600000000000000000e+01,4.710000000000000000e+02
4.379400000000000404e+00,4.325690000000000168e+01,8.401990000000000691e+01,1.370000000000000000e+02,5.900000000000000000e+01
4.432509999999999906e+01,4.085739999999999839e+01,8.198420000000000130e+01,5.500000000000000000e+01,1.010000000000000000e+02
8.301400000000001000e+00,1.543979999999999997e+01,1.426959999999999873e+01,9.400000000000000000e+01,2.350000000000000000e+02
3.553540000000000276e+01,3.449099999999999966e+01,8.458879999999999200e+01,3.800000000000000000e+01,1.190000000000000000e+02
8.086800000000000210e+00,1.264710000000000001e+01,4.628700000000000259e+00,1.430000000000000000e+02,6.300000000000000000e+01
2.609730000000000061e+01,6.827999999999999403e+00,9.094790000000000418e+01,1.080000000000000000e+02,2.080000000000000000e+02
2.686970000000000169e+01,2.301459999999999795e+01,6.602500000000000568e+01,1.600000000000000000e+01,5.070000000000000000e+02
2.731390000000000384e+01,3.375330000000000297e+01,9.421779999999999688e+01,1.050000000000000000e+02,6.600000000000000000e+01
3.115740000000000265e+01,1.157189999999999941e+01,9.311369999999999436e+01,9.200000000000000000e+01,6.700000000000000000e+01
1.339630000000000010e+01,2.016390000000000171e+01,2.826400000000000023e+00,1.390000000000000000e+02,1.600000000000000000e+02
2.774610000000000198e+01,1.882339999999999947e+01,9.740550000000000352e+01,8.200000000000000000e+01,3.040000000000000000e+02
1.777120000000000033e+01,1.477590000000000003e+01,9.777599999999999625e+00,1.220000000000000000e+02,4.400000000000000000e+01
1.403339999999999854e+01,3.825439999999999685e+01,9.248300000000000409e+01,1.250000000000000000e+02,7.100000000000000000e+01
5.061189999999999856e+01,4.492840000000000344e+01,6.955740000000000123e+01,8.600000000000000000e+01,3.530000000000000000e+02
5.303130000000000166e+01,1.232059999999999889e+01,7.280400000000000205e+01,1.230000000000000000e+02,7.300000000000000000e+01
2.049599999999999866e+01,4.351630000000000109e+01,9.133750000000000568e+01,1.240000000000000000e+02,7.400000000000000000e+01
4.966229999999999478e+01,1.626999999999999957e+01,8.210110000000000241e+01,8.500000000000000000e+01,7.500000000000000000e+01
1.677369999999999806e+01,1.952740000000000009e+01,5.028150000000000119e+01,1.400000000000000000e+01,4.700000000000000000e+01
2.950840000000000174e+01,3.651229999999999620e+01,9.225139999999998963e+01,9.700000000000000000e+01,2.470000000000000000e+02
5.352530000000000143e+01,1.633869999999999933e+01,7.569110000000000582e+01,9.500000000000000000e+01,5.030000000000000000e+02
4.953790000000000049e+01,3.855049999999999955e+01,7.908950000000000102e+01,7.000000000000000000e+01,2.420000000000000000e+02
3.441779999999999973e+01,2.032690000000000197e+01,9.457210000000000605e+01,6.500000000000000000e+01,3.730000000000000000e+02
2.536479999999999890e+01,2.472419999999999973e+01,6.878870000000000573e+01,1.700000000000000000e+01,8.100000000000000000e+01
1.977639999999999887e+01,2.392220000000000013e+01,5.684320000000000306e+01,9.000000000000000000e+00,8.200000000000000000e+01
1.809379999999999811e+01,1.795829999999999771e+01,2.329240000000000066e+01,5.900000000000000000e+01,1.990000000000000000e+02
1.842070000000000007e+01,1.743009999999999948e+01,4.978350000000000364e+01,1.000000000000000000e+01,1.120000000000000000e+02
1.238949999999999996e+01,1.820219999999999771e+01,2.500000000000000000e+00,1.390000000000000000e+02,6.800000000000000000e+01
3.545619999999999550e+01,5.297730000000000672e+01,7.488289999999999225e+01,1.140000000000000000e+02,5.920000000000000000e+02
3.535389999999999588e+01,5.000649999999999551e+01,7.862099999999999511e+01,7.800000000000000000e+01,2.400000000000000000e+02
7.149399999999999977e+00,4.007560000000000144e+01,8.820099999999999341e+01,1.360000000000000000e+02,1.260000000000000000e+02
5.259259999999999735e+01,2.475760000000000005e+01,7.909810000000000230e+01,7.600000000000000000e+01,8.900000000000000000e+01
5.428289999999999793e+01,1.400579999999999892e+01,7.219960000000000377e+01,1.230000000000000000e+02,3.600000000000000000e+01
2.870899999999999963e+01,5.636079999999999757e+01,6.613179999999999836e+01,1.150000000000000000e+02,6.920000000000000000e+02
2.834200000000000053e+00,4.312630000000000052e+01,8.242069999999999652e+01,1.370000000000000000e+02,9.200000000000000000e+01
1.404440000000000133e+01,1.987889999999999802e+01,1.066799999999999926e+01,1.310000000000000000e+02,4.780000000000000000e+02
2.472259999999999991e+01,2.745619999999999550e+01,6.618970000000000198e+01,1.300000000000000000e+01,4.750000000000000000e+02
4.947950000000000159e+01,4.638779999999999859e+01,7.018080000000000496e+01,8.600000000000000000e+01,4.900000000000000000e+02
5.321860000000000213e+01,2.048819999999999908e+01,7.796220000000000994e+01,1.020000000000000000e+02,9.600000000000000000e+01
1.662420000000000186e+01,1.551530000000000165e+01,4.286960000000000548e+01,1.800000000000000000e+01,2.670000000000000000e+02
3.433729999999999905e+01,3.411489999999999867e+01,9.000379999999999825e+01,4.500000000000000000e+01,1.520000000000000000e+02
2.954139999999999944e+01,2.726160000000000139e+01,6.642109999999999559e+01,1.900000000000000000e+01,5.220000000000000000e+02
2.104400000000000048e+01,2.512110000000000198e+01,5.554120000000000346e+01,9.000000000000000000e+00,1.080000000000000000e+02
4.123680000000000234e+01,4.336659999999999826e+01,8.279479999999999507e+01,5.500000000000000000e+01,3.300000000000000000e+02
4.674320000000000164e+01,4.497090000000000032e+01,7.694839999999999236e+01,7.700000000000000000e+01,6.960000000000000000e+02
1.836469999999999914e+01,1.577699999999999925e+01,2.152350000000000207e+01,5.300000000000000000e+01,2.430000000000000000e+02
2.690739999999999910e+01,4.169550000000000267e+01,9.118129999999999313e+01,1.040000000000000000e+02,4.030000000000000000e+02
4.992470000000000141e+01,2.588410000000000011e+01,8.192799999999999727e+01,6.900000000000000000e+01,1.380000000000000000e+02
1.654690000000000083e+01,1.159459999999999980e+01,4.778500000000000192e+00,1.330000000000000000e+02,6.510000000000000000e+02
3.406250000000000000e+01,2.909209999999999852e+01,7.649389999999999645e+01,2.900000000000000000e+01,4.450000000000000000e+02
1.946549999999999869e+01,2.410610000000000142e+01,5.428099999999999881e+01,9.000000000000000000e+00,3.010000000000000000e+02
3.325619999999999976e+01,4.664580000000000126e+01,8.275079999999999814e+01,6.400000000000000000e+01,4.130000000000000000e+02
1.744529999999999959e+01,1.335290000000000177e+01,1.158150000000000013e+01,1.170000000000000000e+02,5.960000000000000000e+02
1.781419999999999959e+01,2.246950000000000003e+01,4.090030000000000143e+01,2.400000000000000000e+01,1.110000000000000000e+02
1.811720000000000041e+01,1.669020000000000081e+01,4.758520000000000039e+01,1.000000000000000000e+01,2.910000000000000000e+02
1.941700000000000159e+01,1.616239999999999810e+01,3.175529999999999831e+01,2.800000000000000000e+01,6.260000000000000000e+02
5.215450000000000585e+01,1.047339999999999982e+01,7.274159999999999116e+01,1.010000000000000000e+02,2.270000000000000000e+02
1.860239999999999938e+01,1.867939999999999756e+01,5.246520000000000294e+01,5.000000000000000000e+00,6.250000000000000000e+02
4.518990000000000151e+01,4.569619999999999749e+01,7.816630000000000678e+01,6.200000000000000000e+01,1.470000000000000000e+02
2.495799999999999841e+01,4.251400000000000290e+00,8.865300000000000580e+01,1.080000000000000000e+02,3.460000000000000000e+02
1.593069999999999986e+01,1.154049999999999976e+01,1.641760000000000019e+01,6.000000000000000000e+01,5.530000000000000000e+02
3.502940000000000254e+01,3.259230000000000160e+01,8.437720000000000198e+01,3.800000000000000000e+01,6.200000000000000000e+01
4.965709999999999980e+01,2.807899999999999707e+01,8.178069999999999595e+01,6.100000000000000000e+01,6.430000000000000000e+02
2.402439999999999998e+01,2.569540000000000290e+01,6.690949999999999420e+01,1.300000000000000000e+01,4.400000000000000000e+02
2.996329999999999671e+01,9.931099999999998929e+00,9.253249999999999886e+01,9.200000000000000000e+01,3.720000000000000000e+02
1.690000000000000213e+01,1.795180000000000220e+01,2.500000000000000000e+00,1.300000000000000000e+02,3.680000000000000000e+02
5.088120000000000687e+01,4.584499999999999886e+01,6.352569999999999339e+01,1.110000000000000000e+02,1.240000000000000000e+02
1.806129999999999924e+01,1.397279999999999944e+01,3.217889999999999873e+01,4.200000000000000000e+01,6.330000000000000000e+02
8.541199999999999903e+00,3.920390000000000441e+01,8.950479999999998881e+01,1.360000000000000000e+02,4.440000000000000000e+02
3.103429999999999822e+01,5.544809999999999661e+01,7.059349999999999170e+01,1.060000000000000000e+02,5.440000000000000000e+02
2.652499999999999858e+01,2.427100000000000080e+01,5.856550000000000011e+01,1.200000000000000000e+01,5.260000000000000000e+02
1.820110000000000028e+01,2.035429999999999851e+01,3.213159999999999883e+01,2.800000000000000000e+01,1.290000000000000000e+02
2.243400000000000105e+01,1.840640000000000143e+01,4.964209999999999923e+01,6.000000000000000000e+00,4.420000000000000000e+02
2.441329999999999956e+01,1.110030000000000072e+01,9.492690000000000339e+01,9.900000000000000000e+01,5.110000000000000000e+02
2.748510000000000275e+01,3.590500000000000114e+01,9.329410000000000025e+01,1.050000000000000000e+02,6.000000000000000000e+00
5.082480000000000331e+01,4.148140000000000072e+01,7.498069999999999879e+01,7.700000000000000000e+01,4.940000000000000000e+02
4.842470000000000141e+01,4.629610000000000269e+01,7.282459999999998956e+01,8.600000000000000000e+01,1.340000000000000000e+02
3.783729999999999905e+01,3.169799999999999685e+01,8.900919999999999277e+01,4.500000000000000000e+01,2.340000000000000000e+02
1.463770000000000060e+01,2.050700000000000145e+01,4.292589999999999861e+01,2.100000000000000000e+01,4.680000000000000000e+02
1.484969999999999857e+01,1.032119999999999926e+01,4.922100000000000364e+00,1.420000000000000000e+02,1.370000000000000000e+02
5.177629999999999910e+01,2.232199999999999918e+01,8.009950000000000614e+01,6.900000000000000000e+01,2.960000000000000000e+02
3.316279999999999717e+01,1.609240000000000137e+01,9.426339999999999009e+01,7.300000000000000000e+01,1.390000000000000000e+02
5.001569999999999538e+01,1.466649999999999920e+01,8.100500000000000966e+01,8.500000000000000000e+01,1.400000000000000000e+02
1.517769999999999975e+01,1.129840000000000089e+01,1.846910000000000096e+01,6.000000000000000000e+01,4.770000000000000000e+02
2.282939999999999969e+01,3.479610000000000269e+01,9.475479999999998881e+01,1.130000000000000000e+02,2.300000000000000000e+02
5.528020000000000067e+01,1.385360000000000014e+01,6.936310000000000286e+01,1.230000000000000000e+02,1.430000000000000000e+02
4.714650000000000318e+01,3.143420000000000059e+01,8.280440000000000111e+01,5.400000000000000000e+01,2.330000000000000000e+02
1.903790000000000049e+01,2.190080000000000027e+01,3.952389999999999759e+01,2.400000000000000000e+01,1.450000000000000000e+02
2.156660000000000110e+01,3.857760000000000389e+01,9.332559999999999434e+01,1.190000000000000000e+02,6.560000000000000000e+02
4.391450000000000387e+01,4.718769999999999953e+01,7.839130000000000109e+01,6.200000000000000000e+01,6.130000000000000000e+02
1.901660000000000039e+01,1.809919999999999973e+01,2.877500000000000213e+01,3.000000000000000000e+01,1.480000000000000000e+02
1.362889999999999979e+01,2.069350000000000023e+01,2.881870000000000331e+01,3.100000000000000000e+01,3.240000000000000000e+02
5.420459999999999923e+01,2.187570000000000192e+01,7.679740000000001032e+01,1.020000000000000000e+02,4.280000000000000000e+02
1.318309999999999960e+01,2.023699999999999832e+01,2.020279999999999987e+01,6.700000000000000000e+01,1.880000000000000000e+02
3.644239999999999924e+01,3.308630000000000138e+01,8.889099999999999113e+01,4.500000000000000000e+01,1.350000000000000000e+02
2.942689999999999984e+01,2.490289999999999893e+01,6.798210000000000264e+01,1.900000000000000000e+01,6.930000000000000000e+02
8.044999999999999929e+00,1.722750000000000270e+01,5.035099999999999909e+00,1.400000000000000000e+02,2.480000000000000000e+02
1.569359999999999999e+01,1.171170000000000044e+01,2.041009999999999991e+01,6.000000000000000000e+01,3.420000000000000000e+02
3.002230000000000132e+01,4.170940000000000225e+01,8.989049999999998875e+01,1.040000000000000000e+02,1.040000000000000000e+02
3.819299999999999784e+01,2.870369999999999777e+01,9.080319999999998970e+01,5.100000000000000000e+01,1.970000000000000000e+02
4.241849999999999454e+01,3.081439999999999912e+01,8.613790000000000191e+01,4.900000000000000000e+01,1.580000000000000000e+02
1.584270000000000067e+01,2.192490000000000094e+01,4.347909999999999542e+01,2.100000000000000000e+01,6.940000000000000000e+02
1.071390000000000065e+01,1.959009999999999962e+01,2.500000000000000000e+00,1.390000000000000000e+02,8.500000000000000000e+01
1.888509999999999778e+01,1.506029999999999802e+01,3.890140000000000242e+01,4.600000000000000000e+01,2.570000000000000000e+02
1.773320000000000007e+01,1.609580000000000055e+01,1.125900000000000034e+01,8.300000000000000000e+01,5.750000000000000000e+02
5.077930000000000632e+01,4.578359999999999985e+01,5.890440000000000254e+01,1.120000000000000000e+02,2.020000000000000000e+02
1.810379999999999967e+01,3.858249999999999602e+01,9.317980000000000018e+01,1.200000000000000000e+02,3.890000000000000000e+02
1.608299999999999841e+01,1.938660000000000139e+01,1.794749999999999801e+01,7.400000000000000000e+01,1.400000000000000000e+01
3.156399999999999650e+01,3.184919999999999973e+01,7.540919999999999845e+01,2.700000000000000000e+01,5.910000000000000000e+02
5.239589999999999748e+01,9.735199999999998965e+00,7.001869999999999550e+01,1.270000000000000000e+02,7.180000000000000000e+02
4.562780000000000058e+01,2.310369999999999990e+01,8.655620000000000402e+01,6.800000000000000000e+01,5.830000000000000000e+02
2.866250000000000142e+01,3.988539999999999708e+01,9.128440000000000509e+01,9.700000000000000000e+01,6.520000000000000000e+02
2.251920000000000144e+01,1.862590000000000146e+01,5.248839999999999861e+01,1.000000000000000000e+00,5.550000000000000000e+02
1.753429999999999822e+01,1.387289999999999957e+01,3.428549999999999898e+01,4.600000000000000000e+01,3.200000000000000000e+02
1.070229999999999926e+01,1.847419999999999973e+01,2.663599999999999923e+01,3.300000000000000000e+01,5.140000000000000000e+02
3.468659999999999854e+01,3.417699999999999960e+01,8.151529999999999632e+01,3.200000000000000000e+01,6.020000000000000000e+02
1.596470000000000056e+01,4.082070000000000221e+01,9.181280000000000996e+01,1.250000000000000000e+02,6.170000000000000000e+02
1.709049999999999869e+01,2.273809999999999931e+01,4.707829999999999870e+01,1.400000000000000000e+01,4.650000000000000000e+02
7.539500000000000313e+00,1.600590000000000046e+01,2.500000000000000000e+00,1.400000000000000000e+02,1.760000000000000000e+02
1.597719999999999985e+01,1.887610000000000099e+01,7.208899999999999864e+00,1.260000000000000000e+02,6.460000000000000000e+02
3.768710000000000093e+01,3.226080000000000325e+01,8.400600000000000023e+01,4.300000000000000000e+01,4.870000000000000000e+02
5.224020000000000152e+01,1.493760000000000154e+01,7.721999999999999886e+01,9.500000000000000000e+01,7.800000000000000000e+01
2.212349999999999994e+01,2.001300000000000168e+01,4.425100000000000477e+01,1.100000000000000000e+01,6.500000000000000000e+02
2.985470000000000113e+01,3.096539999999999893e+01,7.492180000000000462e+01,2.700000000000000000e+01,2.810000000000000000e+02
9.294399999999999551e+00,1.366370000000000040e+01,2.500000000000000000e+00,1.430000000000000000e+02,3.500000000000000000e+01
1.122189999999999976e+01,1.480940000000000012e+01,2.968620000000000303e+01,4.100000000000000000e+01,3.620000000000000000e+02
3.194150000000000134e+01,2.980110000000000170e+01,7.977469999999999573e+01,3.200000000000000000e+01,1.730000000000000000e+02
1.224269999999999925e+01,1.999690000000000012e+01,2.587040000000000006e+01,3.300000000000000000e+01,1.720000000000000000e+02
3.139870000000000161e+01,2.674690000000000012e+01,7.370370000000001198e+01,2.500000000000000000e+01,5.770000000000000000e+02
1.675769999999999982e+01,1.208060000000000045e+01,9.403599999999999071e+00,1.220000000000000000e+02,5.650000000000000000e+02
1.418200000000000038e+01,2.044389999999999930e+01,2.306709999999999994e+01,6.700000000000000000e+01,4.410000000000000000e+02
4.731810000000000116e+01,2.935229999999999961e+01,8.341259999999999764e+01,6.100000000000000000e+01,1.200000000000000000e+02
2.635870000000000246e+01,2.768390000000000128e+01,6.340579999999999927e+01,1.300000000000000000e+01,4.430000000000000000e+02
4.520319999999999538e+01,4.779489999999999839e+01,7.619599999999999795e+01,8.800000000000000000e+01,4.020000000000000000e+02
4.906260000000000332e+01,2.436289999999999978e+01,8.298940000000000339e+01,6.900000000000000000e+01,1.050000000000000000e+02
3.372149999999999892e+01,4.005129999999999768e+01,8.689440000000000452e+01,8.900000000000000000e+01,1.940000000000000000e+02
3.404849999999999710e+01,3.834929999999999950e+01,8.853300000000000125e+01,8.900000000000000000e+01,5.040000000000000000e+02
5.294400000000000261e+01,2.759730000000000416e+01,7.858859999999999957e+01,7.600000000000000000e+01,2.030000000000000000e+02
3.983030000000000115e+01,3.108050000000000068e+01,8.740489999999999782e+01,4.900000000000000000e+01,7.000000000000000000e+00
3.341749999999999687e+01,2.986210000000000164e+01,9.357560000000000855e+01,5.100000000000000000e+01,5.800000000000000000e+02
2.063780000000000214e+01,2.422469999999999857e+01,5.006230000000000757e+01,8.000000000000000000e+00,4.180000000000000000e+02
1.579480000000000040e+01,2.036870000000000047e+01,2.533059999999999690e+01,5.900000000000000000e+01,6.760000000000000000e+02
3.613299999999999557e+01,3.131559999999999988e+01,8.319559999999999889e+01,3.500000000000000000e+01,3.950000000000000000e+02
4.946309999999999718e+01,4.689269999999999783e+01,5.744089999999999208e+01,1.120000000000000000e+02,5.730000000000000000e+02
4.863129999999999598e+01,4.739800000000000324e+01,5.576740000000000208e+01,1.120000000000000000e+02,6.180000000000000000e+02
5.145889999999999986e+01,2.737659999999999982e+01,8.017600000000000193e+01,7.600000000000000000e+01,4.480000000000000000e+02
1.551650000000000063e+01,1.098939999999999984e+01,1.115980000000000061e+01,1.170000000000000000e+02,5.100000000000000000e+01
1.691799999999999926e+01,1.257789999999999964e+01,1.897959999999999781e+01,6.000000000000000000e+01,2.050000000000000000e+02
1.842129999999999868e+01,4.575769999999999982e+01,9.027960000000000207e+01,1.280000000000000000e+02,2.760000000000000000e+02
8.002700000000000813e+00,1.638469999999999871e+01,9.167600000000000193e+00,1.410000000000000000e+02,2.070000000000000000e+02
2.453950000000000031e+01,5.878899999999999793e+00,9.019400000000000261e+01,1.080000000000000000e+02,1.170000000000000000e+02
5.039510000000000645e+01,1.944620000000000104e+01,8.164860000000000184e+01,7.500000000000000000e+01,5.340000000000000000e+02
4.257090000000000174e+01,4.174569999999999936e+01,8.271969999999998890e+01,5.500000000000000000e+01,2.100000000000000000e+02
2.362859999999999872e+01,2.497790000000000177e+01,5.454540000000000077e+01,3.000000000000000000e+00,5.500000000000000000e+01
2.266130000000000067e+01,6.122399999999999842e+00,9.090109999999999957e+01,1.080000000000000000e+02,6.400000000000000000e+01
2.427749999999999986e+01,5.288289999999999935e+01,7.654130000000000678e+01,9.100000000000000000e+01,5.390000000000000000e+02
1.492719999999999914e+01,4.271320000000000050e+01,9.065769999999999129e+01,1.290000000000000000e+02,2.140000000000000000e+02
1.926120000000000232e+01,1.609949999999999903e+01,4.533689999999999998e+01,1.500000000000000000e+01,2.740000000000000000e+02
2.795720000000000027e+01,5.067160000000000508e+01,7.990699999999999648e+01,8.000000000000000000e+01,2.160000000000000000e+02
1.655770000000000053e+01,1.839359999999999928e+01,5.120000000000000107e+00,1.260000000000000000e+02,3.560000000000000000e+02
1.750929999999999964e+01,4.401480000000000103e+01,9.080339999999999634e+01,1.280000000000000000e+02,2.180000000000000000e+02
2.790399999999999991e+01,2.948720000000000141e+01,7.250490000000000634e+01,2.300000000000000000e+01,3.980000000000000000e+02
3.312470000000000425e+01,3.237259999999999849e+01,7.643210000000000548e+01,2.900000000000000000e+01,4.000000000000000000e+00
4.736280000000000001e+01,2.252599999999999980e+01,8.499049999999999727e+01,6.800000000000000000e+01,6.360000000000000000e+02
1.440049999999999919e+01,1.722950000000000159e+01,2.500000000000000000e+00,1.340000000000000000e+02,2.220000000000000000e+02
3.000990000000000180e+01,1.731149999999999878e+01,9.601439999999999486e+01,8.200000000000000000e+01,2.230000000000000000e+02
1.047050000000000125e+01,1.902009999999999934e+01,1.925440000000000040e+01,9.300000000000000000e+01,3.000000000000000000e+00
9.365700000000000358e+00,1.139290000000000092e+01,2.500000000000000000e+00,1.430000000000000000e+02,2.100000000000000000e+01
1.482729999999999926e+01,1.178250000000000064e+01,2.437320000000000064e+01,4.700000000000000000e+01,4.320000000000000000e+02
5.188799999999999812e+01,1.164240000000000030e+01,7.499909999999999854e+01,1.010000000000000000e+02,1.140000000000000000e+02
2.395739999999999981e+01,5.542000000000000171e+01,6.454099999999999682e+01,1.210000000000000000e+02,2.400000000000000000e+01
4.002790000000000248e+01,4.034619999999999607e+01,8.457500000000000284e+01,5.000000000000000000e+01,2.290000000000000000e+02
2.359539999999999793e+01,3.701789999999999736e+01,9.377499999999999147e+01,1.130000000000000000e+02,4.100000000000000000e+01
3.162839999999999918e+01,2.830420000000000158e+01,7.777939999999999543e+01,2.700000000000000000e+01,1.810000000000000000e+02
3.622159999999999513e+01,1.763260000000000005e+01,9.320530000000000825e+01,6.500000000000000000e+01,3.520000000000000000e+02
4.891720000000000113e+01,3.111370000000000147e+01,8.156340000000000146e+01,5.400000000000000000e+01,4.050000000000000000e+02
3.184390000000000143e+01,3.452279999999999660e+01,9.173709999999999809e+01,4.500000000000000000e+01,4.590000000000000000e+02
8.595700000000000784e+00,1.457339999999999947e+01,1.638560000000000016e+01,9.400000000000000000e+01,5.230000000000000000e+02
1.426800000000000068e+01,2.016019999999999968e+01,1.825739999999999696e+01,6.700000000000000000e+01,2.360000000000000000e+02
3.319980000000000331e+01,4.477270000000000039e+01,8.425540000000000873e+01,7.900000000000000000e+01,6.980000000000000000e+02
2.503099999999999881e+01,9.124699999999998923e+00,9.313369999999999038e+01,9.900000000000000000e+01,3.120000000000000000e+02
2.312819999999999965e+01,3.827500000000000568e+00,8.822390000000000043e+01,1.160000000000000000e+02,2.390000000000000000e+02
3.689229999999999876e+01,5.112679999999999580e+01,7.688339999999999463e+01,7.800000000000000000e+01,2.940000000000000000e+02
3.151780000000000115e+01,5.202949999999999875e+01,7.710439999999999827e+01,9.000000000000000000e+01,4.610000000000000000e+02
4.583039999999999736e+01,4.151219999999999999e+01,8.047820000000000107e+01,7.000000000000000000e+01,7.060000000000000000e+02
1.786159999999999926e+01,1.381530000000000058e+01,2.141120000000000090e+01,5.300000000000000000e+01,1.030000000000000000e+02
2.891889999999999716e+01,5.358159999999999457e+01,7.474830000000000041e+01,9.800000000000000000e+01,3.760000000000000000e+02
2.621029999999999660e+01,2.657789999999999964e+01,6.081589999999999918e+01,1.200000000000000000e+01,7.200000000000000000e+02
2.360309999999999775e+01,2.393520000000000181e+01,5.257140000000000413e+01,3.000000000000000000e+00,5.450000000000000000e+02
3.182160000000000011e+01,3.686360000000000525e+01,9.084050000000000580e+01,9.700000000000000000e+01,1.690000000000000000e+02
8.583700000000000330e+00,1.821750000000000114e+01,2.615699999999999914e+00,1.400000000000000000e+02,3.800000000000000000e+01
1.284149999999999991e+01,2.018120000000000047e+01,3.243159999999999599e+01,3.400000000000000000e+01,2.490000000000000000e+02
1.368890000000000029e+01,1.606129999999999924e+01,3.921120000000000516e+01,2.200000000000000000e+01,3.810000000000000000e+02
5.084779999999999944e+01,3.908109999999999928e+01,7.726970000000000027e+01,7.000000000000000000e+01,5.900000000000000000e+02
3.131309999999999860e+01,2.728789999999999694e+01,7.580389999999999873e+01,2.700000000000000000e+01,1.660000000000000000e+02
3.648100000000000165e+01,3.392000000000000171e+01,8.643500000000000227e+01,3.800000000000000000e+01,2.720000000000000000e+02
3.075769999999999982e+01,5.326119999999999521e+01,7.530500000000000682e+01,1.140000000000000000e+02,3.840000000000000000e+02
3.250529999999999831e+01,4.163000000000000256e+01,8.658780000000000143e+01,8.900000000000000000e+01,1.930000000000000000e+02
2.056690000000000040e+01,4.561720000000000397e+01,9.049800000000000466e+01,1.280000000000000000e+02,5.160000000000000000e+02
2.010299999999999798e+01,1.667160000000000153e+01,3.610010000000000474e+01,4.600000000000000000e+01,5.990000000000000000e+02
2.963319999999999865e+01,4.659850000000000136e+01,8.420609999999999218e+01,7.200000000000000000e+01,6.770000000000000000e+02
3.094020000000000081e+01,1.566780000000000150e+01,9.504420000000000357e+01,8.200000000000000000e+01,6.900000000000000000e+01
4.053600000000000136e+01,3.307550000000000523e+01,8.602490000000000236e+01,4.300000000000000000e+01,3.170000000000000000e+02
2.575150000000000006e+01,5.569939999999999714e+01,6.546049999999999613e+01,1.150000000000000000e+02,5.510000000000000000e+02
2.438760000000000261e+01,2.730320000000000036e+01,6.362039999999999651e+01,1.300000000000000000e+01,2.840000000000000000e+02
4.380460000000000065e+01,2.854080000000000084e+01,8.630330000000000723e+01,4.900000000000000000e+01,1.960000000000000000e+02
2.718840000000000146e+01,5.209290000000000020e+01,7.769120000000000914e+01,9.100000000000000000e+01,2.130000000000000000e+02
4.208579999999999899e+01,4.484510000000000218e+01,8.154749999999999943e+01,6.200000000000000000e+01,9.000000000000000000e+00
4.745850000000000080e+01,4.993369999999999465e+01,6.728220000000000312e+01,9.600000000000000000e+01,4.110000000000000000e+02
1.494459999999999944e+01,1.601109999999999900e+01,4.182750000000000057e+01,1.800000000000000000e+01,4.330000000000000000e+02
1.602659999999999840e+01,1.137320000000000064e+01,1.303320000000000078e+01,1.170000000000000000e+02,1.100000000000000000e+02
3.652069999999999794e+01,3.395750000000000313e+01,8.062579999999999814e+01,3.500000000000000000e+01,7.070000000000000000e+02
5.196769999999999357e+01,4.238329999999999842e+01,7.158610000000000184e+01,8.700000000000000000e+01,3.860000000000000000e+02
2.358290000000000219e+01,2.264639999999999986e+01,5.056899999999999551e+01,8.000000000000000000e+00,5.290000000000000000e+02
3.699419999999999931e+01,3.577049999999999841e+01,8.505669999999999220e+01,3.800000000000000000e+01,2.530000000000000000e+02
5.407009999999999650e+01,1.932220000000000226e+01,7.636390000000000100e+01,1.020000000000000000e+02,3.700000000000000000e+01
2.039980000000000260e+01,1.676420000000000243e+01,4.683259999999999934e+01,1.500000000000000000e+01,2.150000000000000000e+02
2.080470000000000041e+01,2.135839999999999961e+01,5.935949999999999704e+01,4.000000000000000000e+00,6.840000000000000000e+02
1.636219999999999786e+01,4.545219999999999771e+01,9.003979999999999961e+01,1.280000000000000000e+02,2.560000000000000000e+02
1.343689999999999962e+01,1.016869999999999941e+01,1.006489999999999974e+01,1.090000000000000000e+02,5.980000000000000000e+02
5.264739999999999753e+01,9.316800000000000637e+00,6.674590000000000600e+01,1.270000000000000000e+02,2.780000000000000000e+02
1.638429999999999964e+01,2.128740000000000165e+01,3.259170000000000300e+01,2.800000000000000000e+01,1.130000000000000000e+02
9.296300000000000452e+00,1.212500000000000000e+01,1.360419999999999874e+01,1.000000000000000000e+02,2.800000000000000000e+02
3.085749999999999815e+01,3.145819999999999794e+01,7.744849999999999568e+01,2.700000000000000000e+01,6.060000000000000000e+02
2.397199999999999775e+01,3.881620000000000203e+01,9.297490000000000521e+01,1.190000000000000000e+02,1.460000000000000000e+02
1.830480000000000018e+01,2.268660000000000210e+01,5.367699999999999960e+01,9.000000000000000000e+00,2.830000000000000000e+02
2.380949999999999989e+01,2.215159999999999840e+01,6.382459999999999667e+01,1.300000000000000000e+01,2.620000000000000000e+02
9.363899999999999224e+00,1.281220000000000070e+01,1.702100000000000080e+01,1.000000000000000000e+02,5.420000000000000000e+02
3.740919999999999845e+01,4.115849999999999653e+01,8.439330000000001064e+01,5.000000000000000000e+01,6.910000000000000000e+02
2.586030000000000229e+01,2.615000000000000213e+01,7.031210000000000093e+01,1.700000000000000000e+01,5.470000000000000000e+02
1.994630000000000081e+01,1.604619999999999891e+01,4.268460000000000321e+01,1.500000000000000000e+01,6.870000000000000000e+02
1.842229999999999990e+01,2.294409999999999883e+01,4.373699999999999477e+01,2.400000000000000000e+01,5.080000000000000000e+02
1.126859999999999928e+01,1.608340000000000103e+01,3.174129999999999896e+01,3.700000000000000000e+01,2.900000000000000000e+02
1.986619999999999919e+01,1.755770000000000053e+01,5.105250000000000199e+01,1.000000000000000000e+01,8.400000000000000000e+01
4.319650000000000034e+01,3.975739999999999696e+01,8.317940000000000111e+01,5.500000000000000000e+01,6.000000000000000000e+01
2.064600000000000080e+01,1.803119999999999834e+01,3.760439999999999827e+01,5.200000000000000000e+01,2.930000000000000000e+02
3.476760000000000161e+01,5.158740000000000236e+01,7.694950000000000045e+01,7.800000000000000000e+01,6.210000000000000000e+02
1.366779999999999973e+01,2.002639999999999887e+01,6.121399999999999508e+00,1.440000000000000000e+02,2.950000000000000000e+02
5.031050000000000466e+01,2.216649999999999920e+01,8.183629999999999427e+01,6.900000000000000000e+01,6.050000000000000000e+02
8.293900000000000716e+00,1.377069999999999972e+01,1.281589999999999918e+01,9.400000000000000000e+01,5.120000000000000000e+02
2.167370000000000019e+01,3.663879999999999626e+01,9.403759999999999764e+01,1.130000000000000000e+02,1.420000000000000000e+02
1.899339999999999762e+01,1.544800000000000040e+01,2.968140000000000356e+01,3.000000000000000000e+01,5.280000000000000000e+02
2.262969999999999970e+01,2.154779999999999873e+01,6.185529999999999973e+01,2.000000000000000000e+00,3.290000000000000000e+02
1.881400000000000006e+01,2.250919999999999987e+01,5.574580000000000268e+01,9.000000000000000000e+00,1.000000000000000000e+02
1.017379999999999995e+01,1.907519999999999882e+01,1.508660000000000068e+01,8.400000000000000000e+01,4.140000000000000000e+02
2.341469999999999985e+01,5.521169999999999334e+01,6.702960000000000207e+01,1.070000000000000000e+02,4.970000000000000000e+02
2.480570000000000164e+01,1.304959999999999987e+01,9.602540000000000475e+01,8.200000000000000000e+01,7.110000000000000000e+02
2.275949999999999918e+01,2.117159999999999798e+01,4.686809999999999832e+01,1.100000000000000000e+01,3.050000000000000000e+02
1.824610000000000198e+01,1.466429999999999900e+01,2.337420000000000186e+01,5.300000000000000000e+01,3.060000000000000000e+02
2.547130000000000294e+01,4.377159999999999940e+01,9.071790000000000020e+01,1.240000000000000000e+02,3.800000000000000000e+02
1.579029999999999845e+01,1.322230000000000061e+01,3.318840000000000146e+01,4.200000000000000000e+01,5.250000000000000000e+02
1.540579999999999927e+01,1.526440000000000019e+01,2.500000000000000000e+00,1.300000000000000000e+02,3.380000000000000000e+02
4.707079999999999842e+01,3.810869999999999891e+01,8.143179999999999552e+01,6.300000000000000000e+01,3.100000000000000000e+02
4.786970000000000169e+01,4.505890000000000128e+01,7.537019999999999698e+01,7.700000000000000000e+01,3.110000000000000000e+02
2.284369999999999834e+01,7.613100000000000200e+00,9.248779999999999291e+01,9.900000000000000000e+01,5.020000000000000000e+02
2.518540000000000134e+01,5.476740000000000208e+01,7.122830000000000439e+01,1.070000000000000000e+02,3.030000000000000000e+02
7.362399999999999167e+00,4.446439999999999770e+01,8.615300000000000580e+01,1.320000000000000000e+02,4.290000000000000000e+02
1.468079999999999963e+01,3.655839999999999890e+01,9.334229999999999450e+01,1.200000000000000000e+02,3.150000000000000000e+02
5.106319999999999482e+01,4.556239999999999668e+01,6.563339999999999463e+01,1.110000000000000000e+02,1.500000000000000000e+01
3.926230000000000331e+01,3.404749999999999943e+01,8.430370000000000630e+01,4.300000000000000000e+01,4.840000000000000000e+02
1.085249999999999915e+01,1.035419999999999874e+01,7.743400000000000283e+00,1.420000000000000000e+02,4.850000000000000000e+02
1.292619999999999791e+01,9.892799999999999372e+00,5.797900000000000276e+00,1.420000000000000000e+02,3.180000000000000000e+02
1.975089999999999790e+01,1.635340000000000060e+01,3.409320000000000306e+01,4.600000000000000000e+01,3.280000000000000000e+02
2.292879999999999896e+01,4.462519999999999953e+01,9.075140000000000384e+01,1.240000000000000000e+02,3.070000000000000000e+02
3.630490000000000350e+01,2.004690000000000083e+01,9.357900000000000773e+01,6.500000000000000000e+01,2.320000000000000000e+02
1.444469999999999921e+01,2.111550000000000082e+01,3.295600000000000307e+01,3.400000000000000000e+01,3.230000000000000000e+02
1.412100000000000044e+01,2.067930000000000135e+01,2.683680000000000021e+01,3.100000000000000000e+01,4.800000000000000000e+02
2.967960000000000065e+01,6.815599999999999881e+00,9.031439999999999202e+01,9.200000000000000000e+01,6.780000000000000000e+02
1.222419999999999973e+01,2.000649999999999906e+01,2.334019999999999939e+01,3.300000000000000000e+01,5.350000000000000000e+02
1.775959999999999894e+01,1.532399999999999807e+01,7.809400000000000119e+00,1.260000000000000000e+02,1.770000000000000000e+02
1.761050000000000182e+01,1.418619999999999948e+01,3.695040000000000191e+01,4.600000000000000000e+01,1.610000000000000000e+02
2.278749999999999787e+01,2.043740000000000023e+01,5.963850000000000762e+01,2.000000000000000000e+00,3.000000000000000000e+02
4.350339999999999918e+01,4.295009999999999906e+01,8.149790000000000134e+01,5.500000000000000000e+01,2.920000000000000000e+02
2.464570000000000149e+01,2.064120000000000132e+01,5.874909999999999854e+01,2.000000000000000000e+00,3.100000000000000000e+01
9.630600000000001160e+00,1.682939999999999969e+01,2.322109999999999985e+01,3.600000000000000000e+01,2.900000000000000000e+01
1.156510000000000105e+01,1.207409999999999961e+01,2.276459999999999795e+01,3.900000000000000000e+01,3.330000000000000000e+02
4.525370000000000203e+01,3.872639999999999816e+01,8.236820000000000164e+01,6.300000000000000000e+01,4.200000000000000000e+01
1.401979999999999826e+01,2.089189999999999969e+01,3.088569999999999993e+01,3.100000000000000000e+01,5.460000000000000000e+02
3.190830000000000055e+01,3.187719999999999843e+01,7.965279999999999916e+01,3.200000000000000000e+01,3.360000000000000000e+02
1.714130000000000109e+01,1.792449999999999832e+01,1.394819999999999993e+01,8.300000000000000000e+01,1.620000000000000000e+02
1.741570000000000107e+01,1.583880000000000088e+01,2.500000000000000000e+00,1.300000000000000000e+02,3.090000000000000000e+02
2.218580000000000041e+01,2.310539999999999949e+01,6.299209999999999354e+01,7.000000000000000000e+00,4.500000000000000000e+01
2.725420000000000087e+01,2.401050000000000040e+01,6.892980000000000018e+01,1.700000000000000000e+01,3.400000000000000000e+02
1.755130000000000123e+01,2.205539999999999878e+01,3.819930000000000092e+01,2.600000000000000000e+01,3.410000000000000000e+02
1.750569999999999737e+01,1.333030000000000115e+01,1.728200000000000003e+01,6.000000000000000000e+01,1.550000000000000000e+02
4.795490000000000208e+01,2.700779999999999959e+01,8.356419999999999959e+01,6.100000000000000000e+01,3.430000000000000000e+02
1.467350000000000065e+01,4.655659999999999599e+01,8.910190000000000055e+01,1.280000000000000000e+02,3.440000000000000000e+02
3.551500000000000057e+01,4.042569999999999908e+01,8.568659999999999854e+01,8.900000000000000000e+01,3.650000000000000000e+02
2.646649999999999991e+01,5.443400000000000460e+00,8.958990000000000009e+01,1.080000000000000000e+02,2.120000000000000000e+02
1.163649999999999984e+01,1.806280000000000285e+01,3.313369999999999749e+01,3.400000000000000000e+01,3.700000000000000000e+02
1.212669999999999959e+01,9.717000000000000526e+00,2.500000000000000000e+00,1.380000000000000000e+02,7.030000000000000000e+02
1.582489999999999952e+01,2.001569999999999894e+01,2.210630000000000095e+01,6.700000000000000000e+01,3.490000000000000000e+02
3.756830000000000069e+01,1.635099999999999909e+01,9.242340000000000089e+01,6.500000000000000000e+01,5.880000000000000000e+02
7.761400000000000077e+00,1.600840000000000174e+01,7.204099999999999504e+00,1.410000000000000000e+02,3.510000000000000000e+02
3.548319999999999652e+01,2.187689999999999912e+01,9.402890000000000725e+01,6.500000000000000000e+01,3.500000000000000000e+02
4.995149999999999579e+01,4.633299999999999841e+01,6.819689999999999941e+01,8.600000000000000000e+01,6.190000000000000000e+02
3.358370000000000033e+01,3.107190000000000296e+01,7.489799999999999613e+01,2.900000000000000000e+01,2.200000000000000000e+02
3.297829999999999728e+01,1.234319999999999951e+01,9.291040000000000987e+01,8.100000000000000000e+01,3.550000000000000000e+02
1.741669999999999874e+01,1.689320000000000022e+01,9.173099999999999810e+00,1.260000000000000000e+02,2.170000000000000000e+02
3.082810000000000272e+01,2.612110000000000198e+01,7.181220000000000425e+01,2.000000000000000000e+01,5.360000000000000000e+02
1.404169999999999874e+01,2.020329999999999870e+01,4.094059999999999633e+01,2.200000000000000000e+01,5.520000000000000000e+02
2.719739999999999824e+01,1.301679999999999993e+01,9.526210000000000377e+01,8.200000000000000000e+01,4.080000000000000000e+02
2.230249999999999844e+01,1.836139999999999972e+01,4.770300000000000296e+01,6.000000000000000000e+00,5.190000000000000000e+02
2.086560000000000059e+01,2.003020000000000067e+01,3.981069999999999709e+01,5.200000000000000000e+01,6.090000000000000000e+02
1.268150000000000155e+01,1.329959999999999987e+01,3.013710000000000022e+01,4.100000000000000000e+01,1.830000000000000000e+02
4.980510000000000304e+01,4.704849999999999710e+01,6.618880000000000052e+01,1.030000000000000000e+02,5.180000000000000000e+02
9.205000000000000071e+00,1.830470000000000041e+01,1.129420000000000002e+01,1.350000000000000000e+02,6.580000000000000000e+02
3.421600000000000108e+01,4.204849999999999710e+01,8.557219999999999516e+01,8.900000000000000000e+01,2.550000000000000000e+02
2.346610000000000085e+01,5.424470000000000169e+01,7.264759999999999707e+01,1.070000000000000000e+02,3.660000000000000000e+02
3.420739999999999981e+01,2.634159999999999968e+01,9.431140000000000612e+01,5.800000000000000000e+01,4.370000000000000000e+02
1.746519999999999939e+01,1.688310000000000244e+01,4.313399999999999679e+00,1.300000000000000000e+02,1.230000000000000000e+02
4.508709999999999951e+01,3.036179999999999879e+01,8.469060000000000343e+01,5.400000000000000000e+01,3.690000000000000000e+02
1.143660000000000032e+01,1.837030000000000030e+01,3.124319999999999808e+01,3.400000000000000000e+01,4.010000000000000000e+02
2.333000000000000185e+01,2.573019999999999641e+01,5.642179999999999751e+01,1.200000000000000000e+01,5.710000000000000000e+02
3.209080000000000155e+01,8.466599999999999682e+00,9.096779999999999688e+01,9.200000000000000000e+01,4.830000000000000000e+02
3.978729999999999478e+01,2.118309999999999960e+01,9.177530000000000143e+01,6.500000000000000000e+01,3.220000000000000000e+02
5.536430000000000007e+01,2.293389999999999773e+01,7.541839999999999122e+01,1.100000000000000000e+02,3.740000000000000000e+02
9.235300000000000509e+00,1.867960000000000065e+01,6.691600000000000215e+00,1.440000000000000000e+02,7.080000000000000000e+02
2.955860000000000198e+01,5.439800000000000324e+01,7.294079999999999586e+01,9.800000000000000000e+01,5.330000000000000000e+02
3.155379999999999896e+01,4.987019999999999698e+01,8.008910000000000196e+01,9.000000000000000000e+01,1.900000000000000000e+01
2.266249999999999787e+01,4.024119999999999919e+01,9.254770000000000607e+01,1.190000000000000000e+02,2.820000000000000000e+02
3.298789999999999623e+01,4.873720000000000141e+01,8.085130000000000905e+01,6.400000000000000000e+01,4.500000000000000000e+02
2.359219999999999828e+01,4.286059999999999803e+01,9.139560000000000173e+01,1.240000000000000000e+02,3.210000000000000000e+02
1.362760000000000105e+01,2.054870000000000019e+01,3.613620000000000232e+01,2.200000000000000000e+01,7.130000000000000000e+02
3.971399999999999864e+01,2.357450000000000045e+01,9.155870000000000175e+01,5.700000000000000000e+01,4.170000000000000000e+02
2.056010000000000204e+01,2.845599999999999685e+00,8.696450000000000102e+01,1.160000000000000000e+02,5.240000000000000000e+02
3.218359999999999843e+01,5.413219999999999743e+01,7.341750000000000398e+01,1.140000000000000000e+02,8.600000000000000000e+01
1.731269999999999953e+01,2.064029999999999987e+01,5.190700000000000358e+01,1.400000000000000000e+01,7.600000000000000000e+01
5.307099999999999795e+01,4.191259999999999764e+01,6.981980000000000075e+01,8.700000000000000000e+01,6.730000000000000000e+02
8.594400000000000261e+00,1.199699999999999989e+01,7.142400000000000304e+00,1.430000000000000000e+02,3.870000000000000000e+02
3.523879999999999768e+01,4.405510000000000304e+01,8.386869999999998981e+01,5.600000000000000000e+01,5.500000000000000000e+02
1.707979999999999876e+01,3.643319999999999936e+01,9.389010000000000389e+01,1.200000000000000000e+02,1.640000000000000000e+02
2.782200000000000273e+01,4.784470000000000312e+01,8.354829999999999757e+01,7.200000000000000000e+01,3.900000000000000000e+02
3.447009999999999508e+01,1.763349999999999795e+01,9.411910000000000309e+01,7.300000000000000000e+01,3.300000000000000000e+01
2.545589999999999975e+01,5.573160000000000025e+01,6.259789999999999566e+01,1.210000000000000000e+02,2.280000000000000000e+02
1.806419999999999959e+01,2.315259999999999962e+01,5.093809999999999860e+01,1.400000000000000000e+01,3.930000000000000000e+02
1.288710000000000200e+01,1.601480000000000103e+01,2.500000000000000000e+00,1.340000000000000000e+02,3.940000000000000000e+02
3.625610000000000355e+01,3.247079999999999700e+01,7.928379999999999939e+01,3.500000000000000000e+01,6.530000000000000000e+02
1.859619999999999962e+01,2.073120000000000118e+01,3.440319999999999823e+01,2.600000000000000000e+01,7.000000000000000000e+02
4.741489999999999583e+01,3.966360000000000241e+01,8.028379999999999939e+01,6.300000000000000000e+01,3.340000000000000000e+02
2.859909999999999997e+01,2.993990000000000151e+01,7.050229999999999109e+01,2.300000000000000000e+01,4.360000000000000000e+02
2.101290000000000191e+01,2.496320000000000050e+01,5.870279999999999632e+01,7.000000000000000000e+00,3.990000000000000000e+02
3.448349999999999937e+01,5.437180000000000035e+01,7.281189999999999429e+01,1.140000000000000000e+02,2.540000000000000000e+02
1.103570000000000029e+01,1.813889999999999958e+01,2.934639999999999915e+01,3.400000000000000000e+01,4.730000000000000000e+02
4.656469999999999487e+01,4.653849999999999909e+01,7.561670000000000869e+01,8.800000000000000000e+01,1.910000000000000000e+02
2.826659999999999684e+01,4.307200000000000273e+01,9.013250000000000739e+01,1.040000000000000000e+02,1.560000000000000000e+02
2.689739999999999753e+01,2.878600000000000136e+01,7.086849999999999739e+01,2.300000000000000000e+01,2.190000000000000000e+02
4.544849999999999568e+01,3.236979999999999791e+01,8.360340000000000771e+01,5.400000000000000000e+01,1.440000000000000000e+02
1.154090000000000060e+01,1.257739999999999903e+01,2.470080000000000098e+01,3.600000000000000000e+01,4.090000000000000000e+02
3.359150000000000347e+01,3.615879999999999939e+01,8.978470000000000084e+01,4.500000000000000000e+01,4.530000000000000000e+02
2.662809999999999988e+01,1.490480000000000160e+01,9.640180000000000859e+01,8.200000000000000000e+01,6.120000000000000000e+02
9.886799999999999145e+00,1.682939999999999969e+01,2.519170000000000087e+01,3.600000000000000000e+01,2.000000000000000000e+00
1.325369999999999848e+01,4.422489999999999810e+01,8.950099999999999056e+01,1.290000000000000000e+02,4.100000000000000000e+02
4.786939999999999884e+01,4.806470000000000198e+01,7.093500000000000227e+01,9.600000000000000000e+01,5.400000000000000000e+02
2.327159999999999940e+01,5.492350000000000421e+01,6.927980000000000871e+01,1.070000000000000000e+02,4.120000000000000000e+02
3.507730000000000103e+01,4.694069999999999965e+01,8.175480000000000302e+01,6.400000000000000000e+01,1.090000000000000000e+02
1.017549999999999955e+01,1.888530000000000086e+01,1.727909999999999968e+01,8.400000000000000000e+01,5.380000000000000000e+02
4.286880000000000024e+01,3.264620000000000033e+01,8.506359999999999388e+01,4.800000000000000000e+01,4.660000000000000000e+02
1.815129999999999910e+01,2.037229999999999919e+01,5.379260000000000019e+01,5.000000000000000000e+00,6.450000000000000000e+02
3.750609999999999644e+01,2.281709999999999994e+01,9.294630000000000791e+01,5.700000000000000000e+01,4.630000000000000000e+02
1.991400000000000148e+01,2.437950000000000017e+01,5.196359999999999957e+01,8.000000000000000000e+00,2.710000000000000000e+02
2.248819999999999908e+01,2.271990000000000265e+01,4.813109999999999644e+01,1.100000000000000000e+01,5.600000000000000000e+01
1.193890000000000029e+01,1.318870000000000076e+01,2.789909999999999712e+01,4.100000000000000000e+01,6.440000000000000000e+02
3.512650000000000006e+01,2.867849999999999966e+01,9.292200000000001125e+01,5.100000000000000000e+01,4.270000000000000000e+02
1.032699999999999996e+01,1.932540000000000191e+01,9.843700000000000117e+00,1.350000000000000000e+02,3.640000000000000000e+02
8.999100000000000321e+00,1.737289999999999779e+01,1.652029999999999887e+01,9.400000000000000000e+01,6.100000000000000000e+01
1.997800000000000153e+01,2.072609999999999886e+01,3.813199999999999790e+01,2.600000000000000000e+01,7.090000000000000000e+02
3.325220000000000198e+01,3.257229999999999848e+01,8.192970000000001107e+01,3.200000000000000000e+01,4.250000000000000000e+02
3.164000000000000057e+01,4.328310000000000457e+01,8.603470000000000084e+01,7.900000000000000000e+01,4.260000000000000000e+02
3.660889999999999844e+01,2.714029999999999987e+01,9.255489999999998929e+01,5.100000000000000000e+01,4.210000000000000000e+02
5.312099999999999511e+01,2.243550000000000111e+01,7.832609999999999673e+01,1.020000000000000000e+02,1.500000000000000000e+02
9.717900000000000205e+00,4.513550000000000040e+01,8.737919999999999732e+01,1.320000000000000000e+02,3.140000000000000000e+02
3.852080000000000126e+01,4.619449999999999790e+01,8.083469999999999800e+01,7.100000000000000000e+01,7.170000000000000000e+02
6.888099999999999667e+00,4.186659999999999826e+01,8.700710000000000832e+01,1.360000000000000000e+02,1.200000000000000000e+01
1.400240000000000151e+01,1.198530000000000051e+01,2.643360000000000198e+01,4.700000000000000000e+01,2.260000000000000000e+02
1.514830000000000076e+01,1.708520000000000039e+01,4.411769999999999925e+01,1.800000000000000000e+01,6.030000000000000000e+02
3.129339999999999833e+01,2.276430000000000220e+01,9.627089999999999748e+01,6.600000000000000000e+01,3.400000000000000000e+01
1.543660000000000032e+01,2.148760000000000048e+01,3.462290000000000134e+01,2.600000000000000000e+01,5.690000000000000000e+02
3.093570000000000064e+01,2.950960000000000250e+01,7.035769999999999413e+01,2.300000000000000000e+01,5.150000000000000000e+02
3.286480000000000246e+01,2.828190000000000026e+01,9.456900000000000261e+01,5.800000000000000000e+01,3.000000000000000000e+01
2.265629999999999811e+01,2.611470000000000269e+01,5.868419999999999703e+01,1.200000000000000000e+01,1.280000000000000000e+02
9.945500000000000895e+00,4.281860000000000355e+01,8.866859999999999786e+01,1.290000000000000000e+02,6.990000000000000000e+02
2.250860000000000127e+01,2.522229999999999706e+01,6.359550000000000125e+01,1.300000000000000000e+01,9.400000000000000000e+01
1.697770000000000223e+01,1.892159999999999798e+01,1.998799999999999955e+01,6.700000000000000000e+01,1.300000000000000000e+01
2.340980000000000061e+01,2.126350000000000051e+01,4.900889999999999702e+01,6.000000000000000000e+00,3.600000000000000000e+02
2.478579999999999828e+01,2.368840000000000146e+01,6.686639999999999873e+01,1.300000000000000000e+01,6.010000000000000000e+02
5.171400000000000219e+00,4.078229999999999933e+01,8.629679999999999040e+01,1.360000000000000000e+02,8.800000000000000000e+01
3.465679999999999694e+01,3.265820000000000078e+01,7.768569999999999709e+01,2.900000000000000000e+01,1.070000000000000000e+02
4.764580000000000126e+01,2.519829999999999970e+01,8.426489999999999725e+01,6.100000000000000000e+01,4.460000000000000000e+02
2.014620000000000033e+01,1.618219999999999814e+01,4.071239999999999526e+01,5.200000000000000000e+01,5.610000000000000000e+02
5.425130000000000052e+01,2.522139999999999915e+01,7.716179999999999950e+01,7.600000000000000000e+01,1.950000000000000000e+02
1.803190000000000026e+01,1.722519999999999740e+01,1.995359999999999800e+01,5.900000000000000000e+01,8.300000000000000000e+01
3.633579999999999899e+01,4.780499999999999972e+01,8.046849999999999170e+01,6.400000000000000000e+01,3.790000000000000000e+02
1.344679999999999964e+01,1.967439999999999856e+01,3.907360000000000610e+01,2.200000000000000000e+01,4.510000000000000000e+02
2.585450000000000159e+01,2.204080000000000084e+01,6.355440000000000111e+01,1.600000000000000000e+01,5.800000000000000000e+01
3.578490000000000038e+01,3.195599999999999952e+01,9.045229999999999393e+01,4.500000000000000000e+01,4.070000000000000000e+02
8.750099999999999767e+00,1.595050000000000168e+01,1.836959999999999837e+01,9.300000000000000000e+01,4.540000000000000000e+02
1.024489999999999945e+01,3.915179999999999438e+01,9.058490000000000464e+01,1.250000000000000000e+02,5.130000000000000000e+02
1.072300000000000075e+01,1.694849999999999923e+01,2.500000000000000000e+00,1.340000000000000000e+02,6.470000000000000000e+02
4.823339999999999606e+01,4.913080000000000069e+01,6.547500000000000853e+01,1.030000000000000000e+02,3.630000000000000000e+02
2.645799999999999841e+01,5.008740000000000236e+01,8.114700000000000557e+01,8.000000000000000000e+01,4.580000000000000000e+02
3.576810000000000400e+01,3.484880000000000422e+01,8.835469999999999402e+01,4.500000000000000000e+01,9.800000000000000000e+01
4.712440000000000140e+01,2.057720000000000127e+01,8.548179999999999268e+01,7.500000000000000000e+01,4.600000000000000000e+02
3.327139999999999986e+01,5.017369999999999663e+01,7.914949999999998909e+01,9.000000000000000000e+01,3.770000000000000000e+02
1.620410000000000039e+01,1.255689999999999884e+01,2.756890000000000285e+01,4.700000000000000000e+01,6.800000000000000000e+02
3.607199999999999562e+01,2.501019999999999754e+01,9.347290000000000987e+01,5.700000000000000000e+01,6.140000000000000000e+02
5.151310000000000144e+01,4.431649999999999778e+01,6.785819999999999652e+01,1.110000000000000000e+02,3.160000000000000000e+02
1.682809999999999917e+01,2.184179999999999922e+01,4.958099999999999596e+01,1.400000000000000000e+01,1.750000000000000000e+02
4.339509999999999934e+01,3.546929999999999694e+01,8.456409999999999627e+01,4.800000000000000000e+01,6.710000000000000000e+02
1.358479999999999954e+01,1.337790000000000035e+01,3.225270000000000437e+01,3.700000000000000000e+01,6.100000000000000000e+02
1.594410000000000061e+01,1.746150000000000091e+01,4.637599999999999767e+01,2.100000000000000000e+01,6.590000000000000000e+02
1.879200000000000159e+01,1.922220000000000084e+01,3.043529999999999802e+01,2.800000000000000000e+01,4.690000000000000000e+02
3.796920000000000073e+01,4.301670000000000016e+01,8.315519999999999357e+01,5.600000000000000000e+01,3.880000000000000000e+02
2.706509999999999749e+01,2.279799999999999827e+01,6.198310000000000031e+01,1.600000000000000000e+01,6.500000000000000000e+01
3.171769999999999712e+01,1.376280000000000037e+01,9.399599999999999511e+01,7.300000000000000000e+01,4.720000000000000000e+02
1.237659999999999982e+01,1.924429999999999907e+01,3.461619999999999919e+01,3.400000000000000000e+01,3.470000000000000000e+02
2.480980000000000274e+01,2.067350000000000065e+01,5.654090000000000771e+01,0.000000000000000000e+00,4.740000000000000000e+02
2.311919999999999931e+01,2.404050000000000153e+01,6.500359999999999161e+01,1.300000000000000000e+01,1.210000000000000000e+02
1.229309999999999903e+01,1.997840000000000060e+01,1.158600000000000030e+01,1.310000000000000000e+02,4.930000000000000000e+02
1.804879999999999995e+01,1.518449999999999989e+01,1.757259999999999778e+01,6.000000000000000000e+01,1.410000000000000000e+02
1.633099999999999952e+01,1.854410000000000025e+01,9.533200000000000784e+00,1.310000000000000000e+02,5.400000000000000000e+01
3.416120000000000090e+01,1.064860000000000007e+01,9.163400000000000034e+01,8.100000000000000000e+01,4.790000000000000000e+02
1.552779999999999916e+01,2.099600000000000222e+01,2.935889999999999844e+01,3.100000000000000000e+01,1.490000000000000000e+02
2.164219999999999899e+01,2.221940000000000026e+01,4.557189999999999941e+01,1.100000000000000000e+01,4.190000000000000000e+02
4.700849999999999795e+01,4.969979999999999620e+01,6.984290000000000020e+01,9.600000000000000000e+01,4.820000000000000000e+02
2.913769999999999882e+01,1.161930000000000085e+01,9.371380000000000621e+01,9.200000000000000000e+01,3.250000000000000000e+02
3.839659999999999940e+01,3.328320000000000078e+01,8.680389999999999873e+01,4.300000000000000000e+01,1.780000000000000000e+02
1.379059999999999953e+01,1.005429999999999957e+01,7.556300000000000239e+00,1.420000000000000000e+02,3.190000000000000000e+02
1.979769999999999897e+01,2.236139999999999972e+01,5.804310000000000258e+01,4.000000000000000000e+00,5.100000000000000000e+02
3.861129999999999995e+01,3.519480000000000075e+01,8.639260000000000161e+01,4.300000000000000000e+01,2.600000000000000000e+02
2.529480000000000217e+01,3.529189999999999827e+01,9.416620000000000346e+01,1.050000000000000000e+02,1.320000000000000000e+02
1.778340000000000032e+01,1.403470000000000084e+01,4.600400000000000489e+00,1.330000000000000000e+02,6.350000000000000000e+02
4.960679999999999978e+01,4.460340000000000060e+01,7.273409999999999798e+01,8.600000000000000000e+01,7.200000000000000000e+01
5.344290000000000163e+01,4.221349999999999625e+01,6.763850000000000762e+01,1.110000000000000000e+02,6.420000000000000000e+02
3.624159999999999826e+01,3.620599999999999596e+01,8.687899999999999068e+01,3.800000000000000000e+01,5.700000000000000000e+02
1.469550000000000090e+01,1.964809999999999945e+01,8.626500000000000057e+00,1.310000000000000000e+02,9.300000000000000000e+01
4.947489999999999810e+01,4.283529999999999660e+01,7.545550000000000068e+01,7.700000000000000000e+01,1.020000000000000000e+02
1.532959999999999923e+01,1.373840000000000039e+01,3.562010000000000076e+01,4.000000000000000000e+01,5.300000000000000000e+02
5.113439999999999941e+01,1.234640000000000093e+01,7.749750000000000227e+01,1.010000000000000000e+02,4.960000000000000000e+02
2.542479999999999762e+01,5.520080000000000808e+01,6.936670000000000869e+01,1.070000000000000000e+02,3.130000000000000000e+02
3.623870000000000147e+01,1.373270000000000124e+01,9.220879999999999654e+01,8.100000000000000000e+01,4.980000000000000000e+02
4.710250000000000625e+01,4.216219999999999857e+01,7.888460000000000605e+01,7.000000000000000000e+01,4.990000000000000000e+02
5.591230000000000189e+01,1.617670000000000030e+01,7.082410000000000139e+01,1.180000000000000000e+02,6.370000000000000000e+02
1.408379999999999832e+01,2.005330000000000013e+01,1.537350000000000172e+01,7.400000000000000000e+01,1.650000000000000000e+02
2.719849999999999923e+01,1.136870000000000047e+01,9.417669999999999675e+01,9.900000000000000000e+01,1.310000000000000000e+02
5.286450000000000671e+01,1.420059999999999967e+01,7.544020000000000437e+01,9.500000000000000000e+01,1.790000000000000000e+02
3.517130000000000223e+01,3.847869999999999635e+01,8.674020000000000152e+01,8.900000000000000000e+01,3.450000000000000000e+02
1.817340000000000089e+01,1.494270000000000032e+01,4.078119999999999834e+01,1.800000000000000000e+01,5.680000000000000000e+02
2.683660000000000068e+01,2.690380000000000038e+01,7.202439999999999998e+01,2.000000000000000000e+01,7.050000000000000000e+02
2.876310000000000144e+01,2.432270000000000110e+01,6.625529999999999120e+01,1.600000000000000000e+01,6.230000000000000000e+02
1.532830000000000048e+01,2.168740000000000023e+01,4.086650000000000205e+01,2.400000000000000000e+01,2.500000000000000000e+01
1.265120000000000111e+01,1.890120000000000289e+01,3.659919999999999618e+01,2.200000000000000000e+01,5.090000000000000000e+02
2.171849999999999881e+01,1.976660000000000039e+01,5.757339999999999947e+01,4.000000000000000000e+00,2.750000000000000000e+02
2.696930000000000049e+01,9.387999999999999901e+00,9.297280000000000655e+01,9.900000000000000000e+01,2.380000000000000000e+02
8.951800000000000423e+00,1.775819999999999865e+01,1.426959999999999873e+01,9.400000000000000000e+01,1.000000000000000000e+00
1.367339999999999911e+01,4.106210000000000093e+01,9.113360000000000127e+01,1.250000000000000000e+02,4.550000000000000000e+02
1.100670000000000037e+01,1.905620000000000047e+01,2.470090000000000074e+01,3.300000000000000000e+01,1.850000000000000000e+02
2.956619999999999848e+01,3.056719999999999970e+01,7.223099999999999454e+01,2.300000000000000000e+01,4.040000000000000000e+02
1.874470000000000169e+01,4.267790000000000106e+01,9.150509999999999877e+01,1.280000000000000000e+02,2.060000000000000000e+02
1.888350000000000151e+01,1.559980000000000011e+01,2.772479999999999833e+01,3.000000000000000000e+01,5.170000000000000000e+02
4.819080000000000297e+01,4.937500000000000000e+01,6.316749999999999687e+01,1.030000000000000000e+02,4.570000000000000000e+02
2.354260000000000019e+01,1.991600000000000037e+01,5.044999999999999574e+01,6.000000000000000000e+00,1.300000000000000000e+02
1.705049999999999955e+01,1.611370000000000147e+01,4.500140000000000384e+01,1.800000000000000000e+01,9.700000000000000000e+01
3.300660000000000593e+01,2.809280000000000044e+01,7.521750000000000114e+01,2.500000000000000000e+01,5.210000000000000000e+02
2.825140000000000029e+01,2.931259999999999977e+01,6.836670000000000869e+01,1.900000000000000000e+01,9.900000000000000000e+01
8.269600000000000506e+00,1.641000000000000014e+01,1.232189999999999941e+01,9.400000000000000000e+01,4.230000000000000000e+02
2.100210000000000221e+01,4.324600000000000222e+00,8.896150000000000091e+01,1.160000000000000000e+02,3.830000000000000000e+02
1.509900000000000198e+01,1.279230000000000089e+01,3.089959999999999951e+01,4.200000000000000000e+01,1.250000000000000000e+02
2.512499999999999645e+01,2.556680000000000064e+01,5.767000000000000171e+01,1.200000000000000000e+01,3.710000000000000000e+02
3.298249999999999460e+01,2.889360000000000284e+01,7.338289999999999225e+01,2.500000000000000000e+01,1.860000000000000000e+02
1.840130000000000265e+01,1.842149999999999821e+01,2.643690000000000140e+01,3.000000000000000000e+01,2.990000000000000000e+02
2.191460000000000008e+01,2.484459999999999980e+01,5.289819999999999567e+01,8.000000000000000000e+00,1.980000000000000000e+02
1.377299999999999969e+01,1.388129999999999953e+01,3.447120000000000317e+01,4.000000000000000000e+01,4.950000000000000000e+02
5.567419999999999902e+01,2.100559999999999761e+01,7.442539999999999623e+01,1.100000000000000000e+02,5.310000000000000000e+02
1.343260000000000076e+01,1.163569999999999993e+01,2.500000000000000000e+00,1.380000000000000000e+02,3.480000000000000000e+02
2.702169999999999916e+01,5.445270000000000010e+01,7.265770000000000550e+01,9.800000000000000000e+01,6.480000000000000000e+02
4.919369999999999976e+01,2.109379999999999811e+01,8.314700000000000557e+01,7.500000000000000000e+01,8.000000000000000000e+00
1.187929999999999886e+01,1.966410000000000124e+01,2.782959999999999923e+01,3.300000000000000000e+01,3.260000000000000000e+02
2.929669999999999774e+01,2.513170000000000215e+01,7.091340000000000998e+01,2.000000000000000000e+01,5.060000000000000000e+02
1.618280000000000030e+01,1.886380000000000123e+01,4.849889999999999901e+01,1.000000000000000000e+01,5.370000000000000000e+02
1.178059999999999974e+01,1.984740000000000038e+01,1.802380000000000138e+01,8.400000000000000000e+01,6.820000000000000000e+02
2.508639999999999759e+01,5.161260000000000048e+01,7.899479999999999791e+01,9.100000000000000000e+01,2.640000000000000000e+02
4.867799999999999727e+01,4.803600000000000136e+01,6.816049999999999898e+01,9.600000000000000000e+01,2.660000000000000000e+02
5.521880000000000166e+01,1.910859999999999914e+01,7.437359999999999616e+01,1.100000000000000000e+02,5.410000000000000000e+02
1.369940000000000069e+01,1.082370000000000054e+01,1.720190000000000197e+01,1.000000000000000000e+02,5.780000000000000000e+02
1.334519999999999840e+01,1.103580000000000005e+01,1.938569999999999993e+01,3.900000000000000000e+01,6.200000000000000000e+02
3.254850000000000421e+01,5.498629999999999995e+01,7.169589999999999463e+01,1.060000000000000000e+02,5.850000000000000000e+02
2.514730000000000132e+01,2.453620000000000090e+01,5.595400000000000063e+01,3.000000000000000000e+00,4.600000000000000000e+01
1.631840000000000046e+01,2.050339999999999918e+01,2.736569999999999681e+01,3.100000000000000000e+01,3.350000000000000000e+02
2.626820000000000377e+01,2.855930000000000035e+01,6.872580000000000666e+01,1.700000000000000000e+01,2.870000000000000000e+02
1.804459999999999908e+01,1.396989999999999910e+01,2.547390000000000043e+01,5.300000000000000000e+01,5.480000000000000000e+02
4.570750000000000313e+01,4.869440000000000168e+01,7.444740000000000180e+01,8.800000000000000000e+01,5.490000000000000000e+02
3.644539999999999935e+01,4.503979999999999961e+01,8.261339999999999861e+01,5.600000000000000000e+01,4.700000000000000000e+02
2.769409999999999883e+01,5.634580000000000410e+01,6.353900000000000148e+01,1.150000000000000000e+02,6.540000000000000000e+02
1.510809999999999853e+01,2.153089999999999904e+01,3.857900000000000063e+01,2.200000000000000000e+01,5.630000000000000000e+02
1.806459999999999866e+01,1.465049999999999919e+01,1.968050000000000210e+01,6.000000000000000000e+01,1.180000000000000000e+02
2.943440000000000012e+01,1.959359999999999857e+01,9.685939999999999372e+01,6.600000000000000000e+01,6.850000000000000000e+02
2.400780000000000314e+01,2.010050000000000026e+01,5.254350000000000165e+01,1.000000000000000000e+00,6.380000000000000000e+02
5.301259999999999906e+01,4.326659999999999684e+01,6.559380000000000166e+01,1.110000000000000000e+02,5.560000000000000000e+02
2.528420000000000201e+01,4.073189999999999600e+01,9.199030000000000484e+01,1.190000000000000000e+02,5.570000000000000000e+02
1.366680000000000206e+01,1.521770000000000067e+01,3.747059999999999746e+01,4.000000000000000000e+01,6.220000000000000000e+02
3.130919999999999703e+01,3.900469999999999970e+01,9.026370000000000005e+01,9.700000000000000000e+01,7.700000000000000000e+01
5.491570000000000107e+01,1.616090000000000160e+01,7.290420000000000300e+01,1.180000000000000000e+02,5.600000000000000000e+02
2.097970000000000113e+01,1.787930000000000064e+01,3.967980000000000018e+01,5.200000000000000000e+01,3.610000000000000000e+02
5.291960000000000264e+01,1.793290000000000006e+01,7.758440000000000225e+01,9.500000000000000000e+01,5.620000000000000000e+02
1.298350000000000115e+01,1.779679999999999751e+01,3.865279999999999916e+01,2.200000000000000000e+01,3.580000000000000000e+02
1.045659999999999989e+01,1.416009999999999991e+01,2.577130000000000365e+01,3.600000000000000000e+01,5.640000000000000000e+02
1.633230000000000004e+01,1.145190000000000019e+01,6.778999999999999915e+00,1.220000000000000000e+02,1.870000000000000000e+02
1.492530000000000001e+01,1.962650000000000006e+01,4.678899999999999615e+00,1.390000000000000000e+02,5.660000000000000000e+02
5.138649999999999807e+01,1.722830000000000084e+01,7.975569999999999027e+01,8.500000000000000000e+01,5.670000000000000000e+02
1.590280000000000094e+01,1.491020000000000145e+01,4.036460000000000292e+01,1.800000000000000000e+01,5.050000000000000000e+02
1.970899999999999963e+01,2.022599999999999909e+01,3.605409999999999826e+01,2.600000000000000000e+01,4.350000000000000000e+02
3.667999999999999972e+01,3.520009999999999906e+01,8.284199999999999875e+01,3.800000000000000000e+01,4.920000000000000000e+02
2.421899999999999764e+01,2.691460000000000008e+01,6.114220000000000255e+01,1.200000000000000000e+01,4.380000000000000000e+02
9.910000000000000142e+00,1.338380000000000081e+01,2.136459999999999937e+01,3.900000000000000000e+01,5.720000000000000000e+02
4.858310000000000173e+01,4.858290000000000219e+01,5.950900000000000034e+01,1.120000000000000000e+02,2.010000000000000000e+02
2.790429999999999922e+01,2.359600000000000009e+01,6.355530000000000257e+01,1.600000000000000000e+01,4.520000000000000000e+02
1.782300000000000040e+01,1.587060000000000137e+01,1.322369999999999912e+01,8.300000000000000000e+01,3.370000000000000000e+02
1.359229999999999805e+01,1.060409999999999897e+01,1.486619999999999919e+01,1.170000000000000000e+02,5.760000000000000000e+02
3.206129999999999569e+01,2.777270000000000039e+01,7.180320000000000391e+01,2.500000000000000000e+01,5.270000000000000000e+02
1.046279999999999966e+01,1.152650000000000041e+01,1.604459999999999908e+01,1.000000000000000000e+02,2.850000000000000000e+02
3.658569999999999567e+01,3.128190000000000026e+01,8.115850000000000364e+01,3.500000000000000000e+01,5.790000000000000000e+02
3.446520000000000294e+01,3.089189999999999969e+01,9.220049999999999102e+01,5.100000000000000000e+01,7.190000000000000000e+02
1.136090000000000089e+01,1.070640000000000036e+01,1.327520000000000167e+01,1.090000000000000000e+02,6.310000000000000000e+02
2.593150000000000333e+01,2.266710000000000136e+01,5.688459999999999894e+01,0.000000000000000000e+00,7.150000000000000000e+02
4.430230000000000246e+01,2.462030000000000030e+01,8.724250000000000682e+01,6.800000000000000000e+01,6.000000000000000000e+02
1.208189999999999920e+01,4.598080000000000211e+01,8.834950000000000614e+01,1.290000000000000000e+02,5.840000000000000000e+02
3.295340000000000202e+01,5.580730000000000501e+01,6.973009999999999309e+01,1.060000000000000000e+02,6.240000000000000000e+02
1.250280000000000058e+01,3.951460000000000150e+01,9.140840000000000032e+01,1.250000000000000000e+02,1.740000000000000000e+02
3.213119999999999976e+01,1.870930000000000248e+01,9.540890000000000271e+01,6.600000000000000000e+01,6.040000000000000000e+02
3.799309999999999832e+01,2.079720000000000013e+01,9.275910000000000366e+01,6.500000000000000000e+01,8.000000000000000000e+01
5.082449999999999335e+01,2.965200000000000102e+01,8.034219999999999118e+01,7.600000000000000000e+01,5.890000000000000000e+02
4.896770000000000067e+01,4.175169999999999959e+01,7.718070000000000164e+01,7.000000000000000000e+01,2.510000000000000000e+02
2.940470000000000184e+01,2.955079999999999885e+01,7.629420000000000357e+01,2.700000000000000000e+01,2.310000000000000000e+02
3.341799999999999926e+01,5.295619999999999550e+01,7.539249999999999829e+01,1.140000000000000000e+02,4.000000000000000000e+02
4.148959999999999582e+01,3.496310000000000429e+01,8.547469999999999857e+01,4.800000000000000000e+01,4.300000000000000000e+01
3.881439999999999912e+01,1.778579999999999828e+01,9.211019999999999186e+01,6.500000000000000000e+01,5.940000000000000000e+02
3.509369999999999834e+01,3.034769999999999968e+01,7.760010000000001185e+01,2.900000000000000000e+01,3.540000000000000000e+02
1.710510000000000019e+01,1.265110000000000134e+01,1.404489999999999839e+01,1.170000000000000000e+02,2.680000000000000000e+02
1.638579999999999970e+01,1.866049999999999898e+01,1.220579999999999998e+01,1.310000000000000000e+02,4.760000000000000000e+02
1.131270000000000131e+01,1.040479999999999983e+01,1.061669999999999980e+01,1.090000000000000000e+02,5.810000000000000000e+02
1.893120000000000047e+01,1.491089999999999982e+01,3.552109999999999701e+01,4.600000000000000000e+01,1.710000000000000000e+02
4.583610000000000184e+01,2.492649999999999721e+01,8.593650000000000944e+01,6.800000000000000000e+01,2.210000000000000000e+02
2.345849999999999724e+01,2.621310000000000073e+01,6.500639999999999930e+01,1.300000000000000000e+01,1.900000000000000000e+02
3.412339999999999662e+01,3.363199999999999790e+01,7.973510000000000275e+01,3.200000000000000000e+01,7.120000000000000000e+02
1.414590000000000103e+01,1.784070000000000178e+01,4.260300000000000153e+01,1.800000000000000000e+01,5.200000000000000000e+02
3.227120000000000033e+01,2.091959999999999908e+01,9.567320000000000846e+01,6.600000000000000000e+01,4.340000000000000000e+02
5.096719999999999828e+01,2.411059999999999803e+01,8.103889999999999816e+01,6.900000000000000000e+01,1.920000000000000000e+02
2.853209999999999980e+01,2.828220000000000312e+01,7.503649999999998954e+01,2.700000000000000000e+01,2.520000000000000000e+02
7.731200000000000294e+00,1.395659999999999989e+01,6.809999999999999609e+00,1.410000000000000000e+02,6.070000000000000000e+02
2.130049999999999955e+01,2.102799999999999869e+01,4.251989999999999981e+01,1.100000000000000000e+01,6.080000000000000000e+02
2.139669999999999916e+01,1.817900000000000205e+01,4.166940000000000310e+01,5.200000000000000000e+01,4.470000000000000000e+02
1.225890000000000057e+01,1.478049999999999997e+01,3.333389999999999986e+01,3.700000000000000000e+01,4.670000000000000000e+02
1.873890000000000100e+01,2.325949999999999918e+01,4.569539999999999935e+01,1.100000000000000000e+01,6.110000000000000000e+02
2.877640000000000242e+01,1.544810000000000016e+01,9.579170000000000584e+01,8.200000000000000000e+01,2.590000000000000000e+02
4.385320000000000107e+01,4.537809999999999633e+01,7.976760000000000161e+01,6.200000000000000000e+01,1.160000000000000000e+02
3.814039999999999964e+01,2.501619999999999777e+01,9.220380000000000109e+01,5.700000000000000000e+01,3.820000000000000000e+02
1.248479999999999990e+01,1.597369999999999912e+01,3.567609999999999815e+01,3.700000000000000000e+01,6.150000000000000000e+02
3.528689999999999571e+01,3.011009999999999920e+01,8.003670000000001039e+01,3.500000000000000000e+01,2.690000000000000000e+02
1.144500000000000028e+01,3.736360000000000525e+01,9.193269999999999698e+01,1.250000000000000000e+02,5.860000000000000000e+02
4.958149999999999835e+01,4.732180000000000319e+01,6.061330000000000240e+01,1.120000000000000000e+02,1.630000000000000000e+02
5.079299999999999926e+01,4.403480000000000416e+01,7.131110000000001037e+01,8.600000000000000000e+01,9.500000000000000000e+01
1.212930000000000064e+01,1.150450000000000017e+01,2.082600000000000051e+01,3.900000000000000000e+01,5.430000000000000000e+02
3.725029999999999575e+01,4.966429999999999723e+01,7.832590000000000430e+01,7.800000000000000000e+01,8.700000000000000000e+01
1.576089999999999947e+01,1.417300000000000004e+01,3.760350000000000392e+01,4.000000000000000000e+01,5.580000000000000000e+02
2.777540000000000120e+01,2.609099999999999753e+01,6.238269999999999982e+01,1.600000000000000000e+01,5.740000000000000000e+02
3.133070000000000022e+01,5.614069999999999538e+01,6.844240000000000634e+01,1.060000000000000000e+02,7.100000000000000000e+02
2.068309999999999960e+01,1.817500000000000071e+01,5.301679999999999637e+01,5.000000000000000000e+00,1.150000000000000000e+02
1.792769999999999797e+01,1.967800000000000082e+01,2.834320000000000306e+01,2.800000000000000000e+01,6.890000000000000000e+02
2.660109999999999886e+01,2.246720000000000184e+01,6.010130000000000194e+01,2.000000000000000000e+00,6.270000000000000000e+02
2.091820000000000235e+01,1.729090000000000060e+01,4.884440000000000026e+01,6.000000000000000000e+00,6.280000000000000000e+02
1.126410000000000089e+01,1.990349999999999753e+01,6.922200000000000131e+00,1.440000000000000000e+02,6.290000000000000000e+02
5.461270000000000380e+01,1.222029999999999994e+01,6.833590000000000941e+01,1.230000000000000000e+02,6.300000000000000000e+02
9.051499999999998991e+00,1.195770000000000088e+01,1.134309999999999974e+01,1.090000000000000000e+02,2.770000000000000000e+02
2.696200000000000330e+01,5.369660000000000366e+01,7.471410000000000196e+01,9.800000000000000000e+01,2.440000000000000000e+02
1.692730000000000246e+01,1.317840000000000167e+01,3.030369999999999919e+01,4.200000000000000000e+01,3.080000000000000000e+02
7.984700000000000131e+00,1.450510000000000055e+01,1.098370000000000068e+01,1.410000000000000000e+02,7.010000000000000000e+02
1.746590000000000131e+01,1.320469999999999899e+01,2.500000000000000000e+00,1.330000000000000000e+02,1.060000000000000000e+02
4.522999999999999687e+01,2.675810000000000244e+01,8.589900000000000091e+01,6.800000000000000000e+01,1.680000000000000000e+02
5.616989999999999839e+01,1.840269999999999939e+01,7.225829999999999131e+01,1.180000000000000000e+02,5.000000000000000000e+02
2.450440000000000040e+01,2.046999999999999886e+01,5.452930000000000632e+01,1.000000000000000000e+00,6.410000000000000000e+02
2.625520000000000209e+01,3.815149999999999864e+01,9.275509999999999877e+01,1.190000000000000000e+02,3.780000000000000000e+02
1.796039999999999992e+01,1.510209999999999830e+01,1.549899999999999878e+01,8.300000000000000000e+01,6.400000000000000000e+02
2.257359999999999900e+01,1.892709999999999937e+01,5.466069999999999851e+01,1.000000000000000000e+00,1.700000000000000000e+02
5.215050000000000097e+01,4.439070000000000249e+01,6.347930000000000206e+01,1.110000000000000000e+02,4.640000000000000000e+02
4.633100000000000307e+01,2.787819999999999609e+01,8.465859999999999275e+01,6.100000000000000000e+01,1.890000000000000000e+02
1.058910000000000018e+01,1.493430000000000035e+01,2.765220000000000056e+01,4.100000000000000000e+01,4.200000000000000000e+02
2.015240000000000009e+01,1.893170000000000286e+01,5.477199999999999847e+01,5.000000000000000000e+00,4.160000000000000000e+02
1.724020000000000152e+01,1.729319999999999879e+01,6.603900000000000325e+00,1.260000000000000000e+02,3.270000000000000000e+02
1.092050000000000054e+01,1.498299999999999876e+01,2.500000000000000000e+00,1.340000000000000000e+02,4.560000000000000000e+02
2.850170000000000314e+01,5.490000000000000568e+01,7.138989999999999725e+01,9.800000000000000000e+01,6.320000000000000000e+02
3.176840000000000330e+01,2.664610000000000056e+01,9.569129999999999825e+01,5.800000000000000000e+01,3.670000000000000000e+02
2.081300000000000239e+01,2.347519999999999740e+01,4.744789999999999708e+01,1.100000000000000000e+01,1.800000000000000000e+02
1.572729999999999961e+01,1.209319999999999951e+01,2.500000000000000000e+00,1.330000000000000000e+02,4.890000000000000000e+02
2.819829999999999970e+01,3.814080000000000581e+01,9.216889999999999361e+01,9.700000000000000000e+01,5.590000000000000000e+02
3.775950000000000273e+01,3.266140000000000043e+01,8.205490000000000350e+01,3.500000000000000000e+01,6.160000000000000000e+02
2.604739999999999966e+01,5.563259999999999650e+01,6.749469999999999459e+01,1.150000000000000000e+02,2.610000000000000000e+02
1.866920000000000002e+01,1.626670000000000016e+01,2.502210000000000178e+01,5.300000000000000000e+01,6.550000000000000000e+02
1.989600000000000080e+01,3.994770000000000465e+01,9.275569999999999027e+01,1.190000000000000000e+02,6.720000000000000000e+02
1.030109999999999992e+01,1.223479999999999990e+01,1.905620000000000047e+01,3.900000000000000000e+01,6.860000000000000000e+02
1.022809999999999953e+01,1.919099999999999895e+01,1.314400000000000013e+01,1.350000000000000000e+02,7.220000000000000000e+02
1.576130000000000031e+01,2.148420000000000130e+01,4.587330000000000041e+01,2.100000000000000000e+01,6.900000000000000000e+02
3.361959999999999837e+01,1.423560000000000159e+01,9.343410000000000082e+01,7.300000000000000000e+01,3.910000000000000000e+02
4.642560000000000286e+01,4.936010000000000275e+01,7.205790000000000362e+01,8.800000000000000000e+01,6.610000000000000000e+02
1.942520000000000024e+01,1.881029999999999802e+01,3.240109999999999957e+01,2.800000000000000000e+01,2.790000000000000000e+02
5.682500000000000107e+00,4.289160000000000394e+01,8.560290000000000532e+01,1.320000000000000000e+02,6.630000000000000000e+02
2.831890000000000285e+01,7.850799999999999557e+00,9.137309999999999377e+01,9.200000000000000000e+01,6.640000000000000000e+02
2.194270000000000209e+01,1.803770000000000095e+01,4.583360000000000412e+01,1.500000000000000000e+01,2.880000000000000000e+02
2.108350000000000080e+01,2.406250000000000000e+01,6.088329999999999842e+01,7.000000000000000000e+00,3.390000000000000000e+02
2.683900000000000219e+01,2.866830000000000211e+01,6.685280000000000200e+01,1.900000000000000000e+01,2.600000000000000000e+01
9.408800000000001162e+00,1.904019999999999868e+01,4.408500000000000085e+00,1.400000000000000000e+02,1.540000000000000000e+02
1.817469999999999786e+01,2.150819999999999865e+01,3.641380000000000194e+01,2.600000000000000000e+01,3.960000000000000000e+02
2.907580000000000098e+01,2.577949999999999875e+01,6.499509999999999366e+01,1.600000000000000000e+01,6.700000000000000000e+02
4.330930000000000035e+01,3.739739999999999753e+01,8.400950000000000273e+01,4.800000000000000000e+01,5.930000000000000000e+02
2.132489999999999952e+01,4.161270000000000380e+01,9.212430000000000518e+01,1.190000000000000000e+02,6.390000000000000000e+02
5.195140000000000668e+01,3.947599999999999909e+01,7.550519999999998788e+01,8.700000000000000000e+01,5.200000000000000000e+01
2.817930000000000135e+01,2.789380000000000237e+01,6.520399999999999352e+01,1.900000000000000000e+01,6.740000000000000000e+02
5.095680000000000121e+01,1.381439999999999912e+01,7.894630000000000791e+01,8.500000000000000000e+01,6.750000000000000000e+02
1.751050000000000040e+01,1.921600000000000108e+01,2.480430000000000135e+01,5.900000000000000000e+01,4.490000000000000000e+02
2.971989999999999910e+01,4.823579999999999757e+01,8.250300000000000011e+01,7.200000000000000000e+01,3.200000000000000000e+01
3.224490000000000123e+01,1.018679999999999986e+01,9.200809999999999889e+01,9.200000000000000000e+01,1.220000000000000000e+02
1.195930000000000071e+01,4.264379999999999882e+01,8.973010000000000730e+01,1.290000000000000000e+02,4.390000000000000000e+02
1.378089999999999904e+01,1.246690000000000076e+01,2.851810000000000045e+01,4.700000000000000000e+01,1.600000000000000000e+01
4.159470000000000312e+01,3.704189999999999827e+01,8.486480000000000246e+01,4.800000000000000000e+01,4.150000000000000000e+02
1.183199999999999896e+01,1.992719999999999914e+01,1.558229999999999826e+01,8.400000000000000000e+01,3.020000000000000000e+02
2.930670000000000286e+01,2.661959999999999837e+01,7.433149999999999125e+01,2.000000000000000000e+01,7.210000000000000000e+02
1.994889999999999830e+01,2.035579999999999856e+01,5.695240000000000435e+01,4.000000000000000000e+00,4.860000000000000000e+02
3.376239999999999952e+01,2.212419999999999831e+01,9.499379999999999313e+01,6.600000000000000000e+01,5.870000000000000000e+02
1.396060000000000123e+01,1.136730000000000018e+01,2.164659999999999940e+01,3.900000000000000000e+01,6.570000000000000000e+02
2.084730000000000061e+01,1.684870000000000090e+01,4.425500000000000256e+01,1.500000000000000000e+01,6.650000000000000000e+02
3.335770000000000124e+01,2.471490000000000009e+01,9.509530000000000882e+01,5.800000000000000000e+01,6.880000000000000000e+02
1.724810000000000088e+01,2.063400000000000034e+01,3.024459999999999837e+01,2.800000000000000000e+01,6.620000000000000000e+02
1.544320000000000093e+01,1.937429999999999808e+01,4.672829999999999728e+01,2.100000000000000000e+01,1.590000000000000000e+02
4.146090000000000231e+01,3.902439999999999998e+01,8.434220000000000539e+01,5.000000000000000000e+01,2.860000000000000000e+02
2.728219999999999956e+01,5.557480000000000331e+01,6.897569999999998913e+01,1.150000000000000000e+02,9.100000000000000000e+01
3.099620000000000175e+01,2.674750000000000227e+01,6.972500000000000853e+01,1.900000000000000000e+01,6.670000000000000000e+02
1.478889999999999993e+01,1.895579999999999998e+01,4.468509999999999849e+01,2.100000000000000000e+01,1.360000000000000000e+02
1.794190000000000040e+01,1.384460000000000157e+01,2.848589999999999733e+01,3.000000000000000000e+01,6.950000000000000000e+02
5.039890000000000470e+01,4.294569999999999510e+01,7.373709999999999809e+01,7.700000000000000000e+01,1.330000000000000000e+02
4.967040000000000077e+01,4.745389999999999731e+01,6.321480000000000388e+01,1.030000000000000000e+02,6.970000000000000000e+02
3.050270000000000081e+01,4.506060000000000088e+01,8.516209999999999525e+01,7.900000000000000000e+01,2.370000000000000000e+02
1.078079999999999927e+01,4.110820000000000363e+01,8.987510000000000332e+01,1.290000000000000000e+02,6.790000000000000000e+02
2.003969999999999985e+01,1.882070000000000221e+01,3.473620000000000374e+01,2.600000000000000000e+01,6.690000000000000000e+02
7.826800000000000423e+00,1.429739999999999966e+01,8.719899999999999096e+00,1.410000000000000000e+02,6.340000000000000000e+02
2.425090000000000146e+01,5.368950000000000244e+01,7.444559999999999889e+01,9.100000000000000000e+01,7.020000000000000000e+02
1.363020000000000032e+01,1.374619999999999997e+01,2.500000000000000000e+00,1.380000000000000000e+02,5.320000000000000000e+02
1.110289999999999999e+01,1.251960000000000051e+01,2.500000000000000000e+00,1.380000000000000000e+02,7.040000000000000000e+02
2.835320000000000107e+01,2.584280000000000044e+01,7.261579999999999302e+01,2.000000000000000000e+01,6.830000000000000000e+02
4.867969999999999686e+01,4.031479999999999819e+01,7.865659999999999741e+01,7.000000000000000000e+01,7.900000000000000000e+01
3.476549999999999585e+01,3.043040000000000234e+01,8.190180000000000859e+01,3.500000000000000000e+01,2.000000000000000000e+02
1.191629999999999967e+01,2.004700000000000060e+01,5.006499999999999950e+00,1.440000000000000000e+02,3.750000000000000000e+02
1.591450000000000031e+01,2.176980000000000004e+01,3.674970000000000425e+01,2.600000000000000000e+01,4.240000000000000000e+02
2.918549999999999756e+01,5.560819999999999652e+01,6.939410000000000878e+01,1.060000000000000000e+02,1.270000000000000000e+02
2.921409999999999840e+01,1.356150000000000055e+01,9.459850000000000136e+01,8.200000000000000000e+01,3.590000000000000000e+02
3.284049999999999869e+01,3.078020000000000067e+01,8.133749999999999147e+01,3.200000000000000000e+01,1.840000000000000000e+02
1.351459999999999795e+01,1.813550000000000040e+01,4.065760000000000218e+01,2.200000000000000000e+01,2.500000000000000000e+02
9.129199999999999093e+00,1.539049999999999940e+01,2.045420000000000016e+01,9.300000000000000000e+01,7.240000000000000000e+02
2.325479999999999947e+01,1.954510000000000147e+01,5.641060000000000230e+01,0.000000000000000000e+00,5.820000000000000000e+02
8.629100000000001103e+00,1.227289999999999992e+01,9.489799999999998903e+00,1.410000000000000000e+02,7.160000000000000000e+02
3.835930000000000462e+01,4.773980000000000246e+01,7.962999999999999545e+01,7.100000000000000000e+01,4.300000000000000000e+02
5.333299999999999841e+01,1.045920000000000094e+01,6.822610000000000241e+01,1.270000000000000000e+02,1.670000000000000000e+02
3.722790000000000532e+01,3.038930000000000220e+01,9.043339999999999179e+01,5.100000000000000000e+01,1.570000000000000000e+02
2.457169999999999987e+01,2.644560000000000244e+01,5.929350000000000165e+01,1.200000000000000000e+01,2.450000000000000000e+02
2.736810000000000187e+01,2.508659999999999712e+01,7.092719999999999914e+01,2.000000000000000000e+01,3.570000000000000000e+02
8.902599999999999625e+00,1.813060000000000116e+01,9.119199999999999307e+00,1.350000000000000000e+02,4.220000000000000000e+02
1.038560000000000016e+01,1.691600000000000037e+01,2.786219999999999786e+01,3.300000000000000000e+01,7.230000000000000000e+02
9.119199999999999307e+00,1.402009999999999934e+01,1.909830000000000183e+01,9.300000000000000000e+01,7.140000000000000000e+02
