9.502055991181073580e+00 1.332688742115342251e+01 3.810553203194868566e+00
1.078095562456005574e+01 1.207268739573171779e+01 1.681853353579364274e+00
8.947555965793226207e+00 1.533278724852022812e+01 3.557253387422880664e+00
1.616415592352056763e+01 1.084468751001322140e+01 2.011653113797596149e+00
1.070965599841472304e+01 1.434348716484631403e+01 1.681853390612310317e+00
1.220875607074153102e+01 1.091368686974671398e+01 4.776653333102727217e+00
1.058365605364427431e+01 1.194858717971843376e+01 4.618853342865000933e+00
1.226775605804473557e+01 1.103398720434478797e+01 6.925253334505683256e+00
1.626495611741123426e+01 1.100098756574905146e+01 4.103953352612470518e+00
1.434145594808481405e+01 1.057258749337308146e+01 4.979753134813522664e+00
1.354195619830984398e+01 1.039678715749799487e+01 1.681853457934415319e+00
1.006955647381300345e+01 1.426678769054028173e+01 1.389485324813138689e+01
9.460256423297799699e+00 1.790728715312789276e+01 4.216953255450060389e+00
9.417955943916643591e+00 1.706448749690459010e+01 8.349453129033904020e+00
1.796215633595278405e+01 1.227438712125111309e+01 3.960353165885219351e+00
9.176655944545395016e+00 1.668818749624403353e+01 6.385953127281507768e+00
1.000965605903803102e+01 1.267678692936567053e+01 6.324253273358404037e+00
9.709156474271489756e+00 1.445048769065753547e+01 1.199775324783285591e+01
9.146455932811385026e+00 1.463638750612613748e+01 5.991853118122027588e+00
8.954756017419770231e+00 1.668568728271378276e+01 1.681853395695247499e+00
1.515675636595979014e+01 1.108928700690353963e+01 1.175875400590528841e+01
1.581575596434302611e+01 1.790928727362560124e+01 1.681853340469868119e+00
1.872735611586714910e+01 1.352948720670817018e+01 6.873453434734350331e+00
1.272795598381238946e+01 1.108458731703953326e+01 9.798553317918551997e+00
1.350045608376177775e+01 2.064178719803097906e+01 8.405453309834445719e+00
1.918645596904141470e+01 1.545568731204225621e+01 8.959453336577251292e+00
1.886055588130924932e+01 1.403268733333814033e+01 1.076335337495502387e+01
1.484785612659334042e+01 1.231548722128664330e+01 1.681853443823930316e+00
1.693175615964741709e+01 1.166918716819789559e+01 1.034165344455139390e+01
1.065055594220852875e+01 1.935938749843500162e+01 5.873453129213780599e+00
1.046675597182856521e+01 1.263748746114220189e+01 1.052495312285984852e+01
1.233575595478859199e+01 1.566278748594279691e+01 1.681853138996483255e+00
1.734595674574293156e+01 1.222028726718285263e+01 1.559945331932489054e+01
1.430235603877173745e+01 1.669458752127269108e+01 1.681852857088033115e+00
1.481155615887090349e+01 2.084368716863990301e+01 2.008253444590946568e+00
1.485215617327390092e+01 1.084848712683615091e+01 9.246753261907626253e+00
1.797295611741124333e+01 1.907338756574905148e+01 4.301853352612476478e+00
1.739245613152392522e+01 1.955588753027176097e+01 6.390753432558327951e+00
1.380475619144219124e+01 1.888198698996512093e+01 1.681853255539392356e+00
1.817295569201450078e+01 1.276038753156525196e+01 8.585453327127490653e+00
9.716656687061753672e+00 1.611958748567318267e+01 1.345145330083872182e+01
9.998956099431049793e+00 1.889728727938836172e+01 1.797553261204811959e+00
1.004435616334701820e+01 1.295268717743224762e+01 8.671653447827871730e+00
1.504545589526916594e+01 1.442598738259611402e+01 1.681853173575948324e+00
1.744185615964741487e+01 1.205298716819789639e+01 1.221505344455139408e+01
1.508305587022878136e+01 2.070618735536880095e+01 5.303253148506235526e+00
1.660995647382202023e+01 2.030338769052755410e+01 1.297845324811911816e+01
1.071155700353657991e+01 1.280478806557872318e+01 1.278605374550299700e+01
1.919865633683475536e+01 1.471448761817211981e+01 3.782253201379962793e+00
1.174225701574348690e+01 2.000518756325296721e+01 9.025553279545230012e+00
1.917485710140230992e+01 1.600378781411906104e+01 6.991253061571447880e+00
9.399957004149385398e+00 1.518488766674360058e+01 1.016555264021049432e+01
1.520585720816025521e+01 1.073408759533736756e+01 6.738153166944905514e+00
1.883095643153343701e+01 1.651858758202642719e+01 1.681853248205010809e+00
1.756105742333674868e+01 1.981488777658915268e+01 1.520945316189074958e+01
1.892925742333707362e+01 1.811878777658932904e+01 1.536535316188938616e+01
1.831525674815937066e+01 1.863158781053638791e+01 1.681853286373380385e+00
1.001095705835891181e+01 1.525318744375407221e+01 1.556745378356878717e+01
1.212915690081115372e+01 2.026988798839591510e+01 1.681853120487371678e+00
1.062025709452115585e+01 1.898448790664662411e+01 1.047605338073948467e+01
1.158905743980051106e+01 1.975498776422826452e+01 1.426845315714325935e+01
1.914845693000386007e+01 1.677558768660044564e+01 1.044085270469400051e+01
1.251815694797975631e+01 1.319938797709258438e+01 1.681853139288956855e+00
1.682105720016134498e+01 1.594418761771361481e+01 1.681853119541884434e+00
1.213825694174202319e+01 1.762828798187845791e+01 1.681853135797743981e+00
1.165955682914334268e+01 1.440158759336493866e+01 2.292285351755007383e+01
1.079505703850070653e+01 1.810448750159607911e+01 1.887635376994105130e+01
1.511465743980120457e+01 1.150348776422777064e+01 1.638375315714215574e+01
1.187805653703591169e+01 1.220628757556030841e+01 1.522645394769719118e+01
1.041435661417290781e+01 1.805268767693689824e+01 1.570215246277715515e+01
1.016535678548262744e+01 1.663028737569184656e+01 1.755145336214333440e+01
1.714255679369275498e+01 1.277298792414452855e+01 1.681853245492190396e+00
9.242057195453963203e+00 1.497718759445593406e+01 7.901753116965746671e+00
1.077915672944076952e+01 1.349198744152770857e+01 1.620285353552992902e+01
9.684857038211186264e+00 1.708978750514037515e+01 1.150375376966000118e+01
1.634055718397194568e+01 2.030628767363749532e+01 3.860753295842959787e+00
1.892095743011906350e+01 1.401008781299342232e+01 1.646385323738443418e+01
1.774625712547295819e+01 1.922388765259644572e+01 8.715053279434492595e+00
1.082405701912733065e+01 1.971998778003584363e+01 3.590353360325919674e+00
1.883195700837090314e+01 1.757298773738459374e+01 8.354953351133751482e+00
1.159075743742119968e+01 1.956508777944723931e+01 1.646095335660234582e+01
1.855655647400109842e+01 1.860428769015091888e+01 1.313005324779723715e+01
1.277615672944097547e+01 1.138618744152766915e+01 1.245705353552993344e+01
1.545965720328059767e+01 2.055868758378923289e+01 9.849853160918447870e+00
1.791255636179504407e+01 1.303568781098736018e+01 2.257025291477616946e+01
1.031785710666189360e+01 1.881038777522505256e+01 8.301052635499136301e+00
1.774755720003905068e+01 1.213168760436322735e+01 5.960853131092536117e+00
1.171635647427065230e+01 1.291458769066435508e+01 1.823805324783502968e+01
1.459835672778791249e+01 2.091678755032475934e+01 1.938465341685956389e+01
1.659295672944098499e+01 1.197818744152767323e+01 1.765095353552992918e+01
1.476045661417289345e+01 1.171558767693689340e+01 1.856755246277715443e+01
1.181235698549547486e+01 1.940198759695711317e+01 2.048065329494261633e+01
1.865545704473191080e+01 1.797298768574540873e+01 5.785753255118568639e+00
1.977995683640719093e+01 1.645678739401574475e+01 2.070535361173521949e+01
1.710885698358246643e+01 1.239148754893554205e+01 1.959195331692402320e+01
1.888115680216077408e+01 1.388448788861312622e+01 1.681853258730739320e+00
1.090665672944095732e+01 1.569298744152767178e+01 2.169855353552992838e+01
1.370835697426734434e+01 2.065818782262440223e+01 1.076785337463543257e+01
1.888045683959020238e+01 1.756288798769551107e+01 3.495253095222068396e+00
1.295615686788799970e+01 1.325718728317717243e+01 2.388265299295175481e+01
1.923825668568690261e+01 1.655038749139418286e+01 1.240555275054082074e+01
1.624255642941733413e+01 1.246228703423491169e+01 2.355505246160885235e+01
1.333155691623368533e+01 2.072678788576362763e+01 4.188353396576045107e+00
1.500755708280928324e+01 1.128388776429737739e+01 1.404805376707710884e+01
1.852035627836713871e+01 1.333088707593653588e+01 1.322675391598347971e+01
1.568325615964802289e+01 2.083998716819719377e+01 1.743925344455032089e+01
1.164335651718430675e+01 1.987078755942696517e+01 1.232585371330586277e+01
1.833325671588725214e+01 1.325768741736460221e+01 1.816145331772831284e+01
1.104585624766663088e+01 1.750918714084045291e+01 2.240295390168079948e+01
1.036705705912613062e+01 1.843798794176446521e+01 1.345145395537559985e+01
1.365795658929983425e+01 2.067668694387386807e+01 2.505225305337679487e+01
1.132525615964738819e+01 1.406358716819789656e+01 2.054645344455138911e+01
1.363945646666397238e+01 2.068628644103283776e+01 2.252205279713698971e+01
1.130205646442481537e+01 1.750918735771443480e+01 2.437355279149518950e+01
1.537585746557452104e+01 1.204708771253724464e+01 2.082845336908614087e+01
1.263715677235403589e+01 1.548918733667396097e+01 2.886805284687509499e+01
1.267935612046412608e+01 2.058328727490525623e+01 6.104053373239550773e+00
1.354455660320859245e+01 1.218428760015052248e+01 2.000785316720163465e+01
1.053445615964738735e+01 1.469988716819789509e+01 1.828015344455139157e+01
1.651215672944076474e+01 2.074168744152766664e+01 1.926075353553016711e+01
1.188575694021347040e+01 1.969988734095030836e+01 1.843625331243444521e+01
1.927685636476861930e+01 1.449508700714340215e+01 2.059305400842732325e+01
1.944715660306793481e+01 1.790498752288215911e+01 1.913545370977314874e+01
1.947985659214706189e+01 1.533028754848808362e+01 1.886235359562478564e+01
1.611075719513958404e+01 2.032788758859220835e+01 7.808353129175634955e+00
1.839295664062985125e+01 1.960138733924657117e+01 1.916985357716077942e+01
1.298035667412176153e+01 1.275388746114754213e+01 2.194645307465858863e+01
1.319585652761720596e+01 2.052718757889564927e+01 1.720565389941976520e+01
1.211755664483822592e+01 1.915398746661517393e+01 2.581785323447120106e+01
1.559725664491853792e+01 2.112368746678949805e+01 2.224895323442641271e+01
1.749825672944076516e+01 2.006638744152767018e+01 1.712935353553016427e+01
1.054445687431944911e+01 1.607028736910221767e+01 1.963605340923885478e+01
1.721005677221191021e+01 2.104848733710629460e+01 2.451245284696493698e+01
1.966135645026173506e+01 1.534408703163146726e+01 2.255605244143417210e+01
1.950905642832080389e+01 1.863808714894624785e+01 2.247425312192595825e+01
1.799105658093499116e+01 1.324128737255195176e+01 2.466825306593660372e+01
1.324725682273512284e+01 2.060698732129202426e+01 1.476415304714955035e+01
1.761935658416632577e+01 1.323668708911872294e+01 2.675075317107770800e+01
1.335415662515362456e+01 1.386848747291687545e+01 2.708095325475465387e+01
1.549905661572951310e+01 2.073308695519433442e+01 1.455535274886078234e+01
2.083225652370489200e+01 1.684218740774198864e+01 3.093715300043854199e+01
1.780105661572953935e+01 1.934028695519433327e+01 1.138765274886078060e+01
1.187185686495053183e+01 1.483988795079713263e+01 2.495315321096665073e+01
1.245095646442481652e+01 1.881868735771443468e+01 2.852825279149518778e+01
1.946405661572953960e+01 1.586428695519432885e+01 1.675445274886077485e+01
1.409675639681512926e+01 1.397938727534642922e+01 2.931895267070326838e+01
1.242195639681533414e+01 1.973598727534619712e+01 2.388275267070327956e+01
2.043185686495052877e+01 1.877898795079713068e+01 2.795685321096664921e+01
1.937565672985117970e+01 1.578188751915578081e+01 1.468085336125034068e+01
1.268385642417049652e+01 1.676318702636352853e+01 3.092315246195538947e+01
1.425675658929983491e+01 2.086098694387376185e+01 3.161345305337673395e+01
1.961635660778436829e+01 2.103408693858300538e+01 3.131345303242412470e+01
1.553625667129604437e+01 2.135908747392554474e+01 2.601865326151479607e+01
1.329455712870609041e+01 2.034388789271979547e+01 2.701145301412536526e+01
1.724015664491853883e+01 2.069548746678949769e+01 2.128815323442641372e+01
1.541765647424547581e+01 1.266508758420425096e+01 2.561545293421476188e+01
1.945985664491862366e+01 1.464968746678928646e+01 2.465575323442646294e+01
1.543505712869168001e+01 2.157168789271812059e+01 3.006755301412626835e+01
1.285185641710278581e+01 1.905008726917685991e+01 3.042505265092800926e+01
1.200435686495053211e+01 1.561408795079713308e+01 2.683405321096664764e+01
2.008445712869167821e+01 1.694648789271812106e+01 2.420395301412627020e+01
1.720555662515325679e+01 1.390208747291696767e+01 3.237025325475460846e+01
1.504415646601298562e+01 2.137328742149743377e+01 2.800055309638837997e+01
1.779955712869167783e+01 2.196718789271812255e+01 3.177355301412627142e+01
2.168375696752274351e+01 1.706238796442011108e+01 3.771825326480773555e+01
1.834255652370489287e+01 1.385818740774198687e+01 2.948555300043854288e+01
2.040865641002214659e+01 1.612778715505638871e+01 2.886325312144715838e+01
1.947655646751503156e+01 1.465258742936768144e+01 3.136075308986074717e+01
1.894955672384328693e+01 1.455268703168711930e+01 3.346735329199662345e+01
1.935715672671501153e+01 1.452438734873859971e+01 2.766775286879489215e+01
2.030035688836237995e+01 1.574008844993566214e+01 3.808325305669706751e+01
2.151825688836238015e+01 1.735138844993567275e+01 3.528195305669706983e+01
1.773365639681533423e+01 2.118318727534619583e+01 2.654755267070327562e+01
1.379185646914114649e+01 1.992408701821478800e+01 3.379805288789306417e+01
1.500005635372728641e+01 1.405768735185897356e+01 3.143455253377847214e+01
1.305175650167856993e+01 1.874258709821426550e+01 3.231555273528115890e+01
1.674485696752274322e+01 1.441818796442010786e+01 3.480195326480773588e+01
1.892575640203680010e+01 1.989578712646671832e+01 2.398615309002515517e+01
1.803945688836238403e+01 1.619508844993567109e+01 4.205145305669707056e+01
1.180085650167857025e+01 1.759578709821426301e+01 2.704405273528115572e+01
1.518825696752274368e+01 1.456108796442010700e+01 3.365305326480773829e+01
1.367415691156227808e+01 1.546028800473114728e+01 3.251575332552130959e+01
1.510415681257269149e+01 1.674108861988012364e+01 3.839305300833171941e+01
2.045315688836238266e+01 2.258058844993567149e+01 3.870575305669706268e+01
2.133105688836238301e+01 2.284218844993566933e+01 4.095575305669706978e+01
1.585995627080525772e+01 2.179528757956691365e+01 3.213785298529478496e+01
1.934295618472751954e+01 2.035778726342059741e+01 2.752505309644019249e+01
1.508205692555599597e+01 1.589748820896340220e+01 3.665245301971152969e+01
1.519615654943418903e+01 1.314668743412025087e+01 2.769995314714374501e+01
1.922945696752274358e+01 2.314928796442011105e+01 4.008215326480773655e+01
1.651425632692402701e+01 1.347208769660127814e+01 3.008145285919732714e+01
2.029875570512641403e+01 1.627958741756449967e+01 2.690665306307501936e+01
1.390005696752274211e+01 1.665348796442011192e+01 3.485795326480773326e+01
1.866335646914114221e+01 2.131378701821478927e+01 2.942645288789305624e+01
1.981655654943419620e+01 1.910128743412025187e+01 2.561875314714374596e+01
2.084045664595019787e+01 1.949008741728325234e+01 3.158295327023017052e+01
1.545695695396528890e+01 2.088308820172632352e+01 4.012245311178349283e+01
1.717615686911188888e+01 1.485278820541739897e+01 3.678535298617488536e+01
2.001145690278826805e+01 2.141098824417387547e+01 3.358505310192637694e+01
2.034645696752274446e+01 1.559068796442010729e+01 3.470295326480773213e+01
1.725795696752260611e+01 2.260468796442012618e+01 4.266095326480776606e+01
1.694305654943419270e+01 2.167578743412025588e+01 2.854075314714374301e+01
2.116615706952841336e+01 1.703318865013177330e+01 3.327505352201291799e+01
2.020725632692402485e+01 1.990198769660127454e+01 2.961715285919732565e+01
2.228085754509116612e+01 2.070998822833407615e+01 3.899255349997233111e+01
2.112425754509116516e+01 2.090578822833407457e+01 3.523595349997233228e+01
1.685185690697205629e+01 2.216738858000070778e+01 3.380475385689238976e+01
2.067645717980833098e+01 1.677928819729992682e+01 4.451875361829916500e+01
1.958865754509116641e+01 1.562248822833407580e+01 3.996305349997233236e+01
1.902575706952841372e+01 1.486598865013177573e+01 3.613225352201291685e+01
1.635985690697205541e+01 1.669088858000070630e+01 4.100935385689238899e+01
2.156145717980832899e+01 1.686198819729992593e+01 3.989425361829916028e+01
1.656355754509116807e+01 1.776498822833407587e+01 4.329955349997233327e+01
1.504285701280515575e+01 2.122848848749028505e+01 3.531805375202068831e+01
1.983755754509116542e+01 2.362388822833407431e+01 4.291885349997232879e+01
1.942295744586902728e+01 2.396948843569743204e+01 4.817515342851989146e+01
2.239495754509116665e+01 1.855908822833407612e+01 3.886165349997233420e+01
1.850575744586902616e+01 2.341788843569743150e+01 4.626015342851989232e+01
1.486205690697205029e+01 2.035418858000070585e+01 3.825545385689239453e+01
2.206125701280516083e+01 1.871098848749028321e+01 3.678625375202068426e+01
1.406645701280515581e+01 1.958098848749028775e+01 3.578105375202068217e+01
1.439875690697205179e+01 1.847658858000070481e+01 3.783465385689238758e+01
1.492985754509116525e+01 1.881528822833407588e+01 3.983945349997233620e+01
2.353875711259148318e+01 2.069278857463788412e+01 4.343285381861334571e+01
1.605295710493922812e+01 2.118678864089587677e+01 4.210775362548768896e+01
1.983595706131740144e+01 1.810988765785866406e+01 4.896535376345275381e+01
2.145495711259148308e+01 1.950048857463788465e+01 3.391805381861334467e+01
1.818895706131739942e+01 2.020718765785866466e+01 4.946335376345275137e+01
1.896655701280516126e+01 2.273518848749028365e+01 3.738115375202068691e+01
1.674355711259148194e+01 2.236718857463788268e+01 4.004835381861334298e+01
2.181505753462343478e+01 1.744398844971504658e+01 4.601445319041710746e+01
2.281195754509116469e+01 1.885878822833407753e+01 4.085125349997233712e+01
2.417475741415051260e+01 2.185138847429659492e+01 4.604995343142267217e+01
2.384925754195137770e+01 1.908618844254360525e+01 4.882395319662683164e+01
2.197185710493922528e+01 2.314238864089587366e+01 4.307025362548768754e+01
2.587325742739451329e+01 2.288768851418606332e+01 5.177245347654186958e+01
2.205305743490124115e+01 2.490448851803512298e+01 4.924415346503150204e+01
2.136155710493922655e+01 1.672598864089587423e+01 4.186645362548769356e+01
2.139325710493922728e+01 2.140588864089587418e+01 3.731385362548768825e+01
1.620415716927896099e+01 1.963558832246855701e+01 4.386695373559608413e+01
1.953245739800163605e+01 1.736998829718649162e+01 4.676705342839840540e+01
1.731805710493922845e+01 1.558998864089587677e+01 3.954645362548769327e+01
1.735935711259148206e+01 1.814128857463788336e+01 4.555785381861333860e+01
2.305745741415051242e+01 2.289918847429659721e+01 4.475375343142267326e+01
1.652335710493922605e+01 2.221068864089587436e+01 3.776085362548769098e+01
1.556115690697205167e+01 1.852048858000070908e+01 4.178485385689238996e+01
1.759805741415051372e+01 1.954358847429659818e+01 4.768075343142267286e+01
2.643225744586884218e+01 2.376098843569792862e+01 5.349065342852001947e+01
1.824335741415051260e+01 2.252158847429659616e+01 4.876285343142266981e+01
2.226255717980832927e+01 1.752848819729992869e+01 4.343685361829916758e+01
1.872795741415051296e+01 2.132008847429659681e+01 5.108885343142267743e+01
1.958995701280515789e+01 2.218798848749028352e+01 3.559565375202068793e+01
2.499815744586884492e+01 2.332618843569792944e+01 4.975085342852000991e+01
2.393445754195137809e+01 1.930568844254360528e+01 5.167025319662683103e+01
2.001765714641813432e+01 1.935918807400102892e+01 5.164705369242587807e+01
1.732975701280516034e+01 2.244958848749028490e+01 3.593155375202069024e+01
1.947945741415051302e+01 2.383238847429659657e+01 5.011995343142267245e+01
2.335795741439529039e+01 1.871748847596073162e+01 4.501545343074315042e+01
2.501835743490123676e+01 2.461498851803512622e+01 5.175325346503149859e+01
2.088075706116095986e+01 2.478588765804384764e+01 5.346285376345798568e+01
2.128145714641813413e+01 1.823748807400103189e+01 5.023435369242587711e+01
1.846575710493151234e+01 1.679348864089535809e+01 4.418325362548746682e+01
1.685845741415051435e+01 2.005408847429659502e+01 4.591015343142267113e+01
2.119165754195137552e+01 2.460198844254360395e+01 5.602505319662683547e+01
2.245925706116096165e+01 2.580088765804384821e+01 5.472305376345799033e+01
2.482505754195137726e+01 2.194328844254360433e+01 4.819075319662682944e+01
2.495785744586884292e+01 2.059578843569792994e+01 4.963185342852001014e+01
2.630015817159336677e+01 2.192298786717336156e+01 6.078095309900043475e+01
2.371775739800163407e+01 1.904118829718649053e+01 4.688485342839840797e+01
2.390345714641813402e+01 2.339968807400103401e+01 4.731295369242587157e+01
1.717655690697205628e+01 2.216398858000070859e+01 4.505515385689238883e+01
2.132925754195137813e+01 2.505928844254360399e+01 5.114545319662683198e+01
2.233345706116096352e+01 1.797068765804384682e+01 4.802625376345798713e+01
2.015415714641813594e+01 2.393928807400103054e+01 4.487725369242587448e+01
1.972005714641813512e+01 2.336638807400103346e+01 5.285885369242587473e+01
2.271575710493922529e+01 2.170778864089587401e+01 4.170175362548769016e+01
2.209835726942740664e+01 1.885478827216061504e+01 5.219865341345902010e+01
2.222825754195137904e+01 2.415498844254360122e+01 4.662975319662682949e+01
2.332985741415051351e+01 2.552438847429659674e+01 5.208005343142266952e+01
2.420275715487226620e+01 2.111718793520999427e+01 5.882035334138323890e+01
2.504385714642038607e+01 2.565768807400081286e+01 5.372725369242581905e+01
2.865265791812776541e+01 2.534448757301408861e+01 5.966765295619710230e+01
2.313375744480375573e+01 2.044638852141929064e+01 5.675525346632578305e+01
2.121295740131606777e+01 2.304118827912963852e+01 5.722495345062789340e+01
2.398885761355131052e+01 1.960688793144043274e+01 5.384255392213403724e+01
2.828495715487227002e+01 2.369438793520999198e+01 6.520685334138325118e+01
2.242815817159337044e+01 2.564298786717336043e+01 5.788465309900043820e+01
2.591965743490127139e+01 2.114978851803513749e+01 5.371115346503150789e+01
2.407155778142613656e+01 2.679448786144699213e+01 5.786605349257268216e+01
1.956655739800163474e+01 2.105208829718649000e+01 5.297445342839840521e+01
2.656255741415051475e+01 2.521598847429659784e+01 5.513585343142267448e+01
2.613785778142614191e+01 2.813598786144698494e+01 6.537155349257270132e+01
2.022925751058854971e+01 2.318898908807630121e+01 5.492765305240503437e+01
2.622505732902314435e+01 2.135328817578682958e+01 5.572275341933323745e+01
2.221995740131606922e+01 2.203818827912963840e+01 5.854135345062788787e+01
2.543965715487226831e+01 2.637518793520999694e+01 6.609135334138323969e+01
2.777395778142614091e+01 2.836368786144699072e+01 6.258765349257268440e+01
2.542305714641994285e+01 2.078028807400070122e+01 5.172535369242586256e+01
2.734675778142614178e+01 2.334688786144699080e+01 5.606645349257268407e+01
2.654025778142613490e+01 2.624658786144699008e+01 5.685185349257268683e+01
2.580285778142614106e+01 2.798298786144698980e+01 6.280225349257268164e+01
2.678005715487226723e+01 2.540398793520999732e+01 6.797055334138325122e+01
2.404495784877113707e+01 2.222758832097759196e+01 6.103715336471647390e+01
2.606095740131607030e+01 2.132098827912964012e+01 5.793095345062788937e+01
2.474525714642163976e+01 2.640998807400076132e+01 5.560365369242575895e+01
2.382145759460076562e+01 2.658118789943791782e+01 6.086435373932082626e+01
2.794025740200742547e+01 2.495078805284760648e+01 5.774735363261787313e+01
2.630395754929510588e+01 2.749798784166544152e+01 6.754085374879463188e+01
2.522475747167902327e+01 2.283138783026856800e+01 6.300645375015339056e+01
3.084215748703778104e+01 2.558268792363182342e+01 6.716395379489173934e+01
2.136415706116095592e+01 2.103558765804384478e+01 5.613425376345799123e+01
2.848035768179262917e+01 2.347778780805826671e+01 6.116495374345299751e+01
3.144645754929510773e+01 2.912598784166544164e+01 6.718645374879463361e+01
2.156765751058854974e+01 1.961148908807627578e+01 5.395385305240497331e+01
2.360105710213427699e+01 2.378518738060300564e+01 6.217395396913610028e+01
2.762555759460076032e+01 2.725768789943791504e+01 5.999775373932082800e+01
3.095665710213427602e+01 2.794138738060300753e+01 6.560295396913612365e+01
2.467005736651772096e+01 2.022488847091942432e+01 5.559245334287215456e+01
2.931955743756536137e+01 2.427578780783563062e+01 6.273715380640391004e+01
2.726975747167902497e+01 2.272058783026857043e+01 6.273625375015339500e+01
2.727555768179263396e+01 2.682978780805827057e+01 6.949395374345299103e+01
2.249875754929510663e+01 2.474228784166544415e+01 6.006515374879464275e+01
2.487375748703777845e+01 2.689288792363182523e+01 6.418825379489173599e+01
2.919065768179263287e+01 2.677078780805826597e+01 6.156455374345299703e+01
2.866945747167902425e+01 2.469028783026856999e+01 6.811165375015339407e+01
2.801635710213427544e+01 2.314698738060300798e+01 5.928315396913610869e+01
2.453445710213427589e+01 2.472028738060300768e+01 6.418545396913611967e+01
2.563425710213427422e+01 2.759438738060300622e+01 6.032405396913610929e+01
3.001435750954717108e+01 3.061968781384877403e+01 6.968415388333279736e+01
3.049105743756536313e+01 2.645928780783562928e+01 6.417695380640388692e+01
2.620105710213427486e+01 2.436818738060300760e+01 6.604825396913612678e+01
3.297925750954717472e+01 3.252898781384877935e+01 7.459105388333280473e+01
2.392385740200742816e+01 2.590208805284760274e+01 6.277735363261787427e+01
5.406265645755166105e+01 9.996588387403788190e+00 6.592775489039436820e+01
3.281395738269385021e+01 2.742668790961415226e+01 7.288555391934083616e+01
5.381115650146232099e+01 1.041498851499445699e+01 6.920055496055415745e+01
5.444655656949764477e+01 1.300038846721308161e+01 7.198585494749484326e+01
5.321215829685991139e+01 4.568358911925309229e+01 6.084295422428774458e+01
5.669545650148999272e+01 1.453338851496670436e+01 6.854495496044644653e+01
5.087835827774078723e+01 4.757248889792115421e+01 5.662275456353374636e+01
3.477475744261194279e+01 2.952678822504234901e+01 7.784035379987385284e+01
3.017835713849773782e+01 2.500248737181508218e+01 6.543715396826134167e+01
5.541085656094728762e+01 1.323608834091142050e+01 6.963465494082664975e+01
2.831265750208937249e+01 2.946578813299232991e+01 7.005035392241531156e+01
2.931925769646694846e+01 3.016698791112622047e+01 7.168675385458139715e+01
3.304365749039883582e+01 2.898398791020515830e+01 7.696125390266878696e+01
2.966665754616309769e+01 2.999238784079940956e+01 6.754855374799423373e+01
2.959455754951014583e+01 2.857358784231611892e+01 6.438585374848574361e+01
2.598695754034277883e+01 2.712538794450858504e+01 5.847535367787100569e+01
3.227275748052467463e+01 3.213798785499599120e+01 7.663035389620030458e+01
3.285245744340560492e+01 3.149628821725123018e+01 7.201585384688075919e+01
5.494055645750655259e+01 1.701848838788438911e+01 7.487295489105733282e+01
5.004655777125483240e+01 4.807778848512856484e+01 5.494925461135630229e+01
5.356975650356555008e+01 1.115318836100220246e+01 7.192345493376245713e+01
3.272835732357128080e+01 2.796768753818328079e+01 7.498575386665432063e+01
3.235095732357128639e+01 3.018938753818328635e+01 6.953955386665431604e+01
2.825185737655980134e+01 2.758358787418325520e+01 7.120625392832144485e+01
5.569815650400103380e+01 1.468558835842250332e+01 7.138145493408669040e+01
2.677525776292285187e+01 5.613688852541637431e+01 5.972695484991773185e+01
3.347655748169963630e+01 2.845248785425806659e+01 7.098505389563977985e+01
2.878335749787400744e+01 2.576638795387975023e+01 7.010905378337312754e+01
3.547775700470441507e+01 2.977188807435826234e+01 7.567575370840775406e+01
2.454345692971696380e+01 4.507288588568645338e+00 8.740575437512576684e+01
2.537265793724194651e+01 5.609978855840655854e+01 6.372285442060046989e+01
2.482995794160433078e+01 5.589148844525940518e+01 6.621145425923120342e+01
2.768345709889628381e+01 2.923908738357553005e+01 6.790765397043503526e+01
3.244955794160433982e+01 5.612788844525940846e+01 6.977535425923119305e+01
3.453995731204467745e+01 3.305238755038671883e+01 7.561395386618337966e+01
3.439775749039883124e+01 2.957338791020515956e+01 7.256475390266878378e+01
4.249455917273529337e+00 4.380608912783544895e+01 8.160255340953207792e+01
2.976845748147728798e+01 2.652258785472826119e+01 7.179765389436434475e+01
3.442185748147729640e+01 2.877258785472826119e+01 7.439935389436435287e+01
3.695065661858495787e+01 3.517078855918134650e+01 8.377065399736602558e+01
3.499895738667559897e+01 3.175168785801442439e+01 7.407985392494227028e+01
2.197535692971696619e+01 3.525388588568644455e+00 8.614635437512576743e+01
2.994735750976132849e+01 2.896198781308505943e+01 7.421835388213001750e+01
2.825425709889628223e+01 2.934808738357553182e+01 6.603465397043503060e+01
3.012425771338009994e+01 5.704058860980843093e+01 6.531365484178900260e+01
5.561985662603066771e+01 2.255548839241102499e+01 7.597925498324018179e+01
3.644465655517033298e+01 3.327208853699509206e+01 8.355905408679912227e+01
5.229645787026326076e+01 4.652478827662608296e+01 6.270755458006345862e+01
5.089475729377439706e+01 4.706758857510130412e+01 6.936265456191999590e+01
5.400785640350735406e+01 2.543738830540404194e+01 7.827995501773636988e+01
3.224335783715289949e+01 2.680088733682744007e+01 7.099405338275306576e+01
3.687145773461003273e+01 5.365708852135568918e+01 7.406475442454754443e+01
3.126995744023312440e+01 3.164518782707933298e+01 7.410365385305374275e+01
5.219455814811663430e+01 4.646338897748010766e+01 5.808625463369062203e+01
2.660065796246746928e+01 5.544718867461082112e+01 7.041015438392176407e+01
9.956455879717800883e+00 3.988368916605749348e+01 8.868665338789038799e+01
4.279875655517047761e+01 3.037888853699500302e+01 8.650175408679912437e+01
4.699365784031552096e+01 4.402678880410030615e+01 7.871745435685139114e+01
3.676345678286297414e+01 1.620558858183279227e+01 9.230665463965708284e+01
4.014005776117659963e+01 3.859588866307015564e+01 8.494565429463995088e+01
5.133995640350735812e+01 2.656388830540404200e+01 8.110985501773636486e+01
3.676915781206123057e+01 5.068628841593150725e+01 7.780285433491420122e+01
5.548535640350735321e+01 2.000198830540404416e+01 7.554575501773636859e+01
4.435315664684539172e+01 2.757568857358966241e+01 8.669395396091887562e+01
4.983995810090385703e+01 4.697588841187266695e+01 7.200645450553588489e+01
3.081995749039883137e+01 3.023058791020515557e+01 7.547605390266879510e+01
2.488135773461007361e+01 5.492448852135574100e+01 7.182945442454754925e+01
5.794655810293906306e+00 4.393668909510711984e+01 8.320175333763343417e+01
1.009995590276928290e+01 4.189568919121361290e+01 8.781045337375742577e+01
2.644625745067782319e+01 9.804488175609620271e+00 9.231555439734641766e+01
3.098145756056750955e+01 3.124698793517995554e+01 7.141285392736065774e+01
3.154635653576121612e+01 3.457668900780500820e+01 9.217735408841205924e+01
4.815845776968551206e+01 4.565068842377868918e+01 7.613025457759935932e+01
5.181035640350736315e+01 2.012598830540404293e+01 8.083045501773636943e+01
2.407655706313810029e+01 6.802188368596573831e+00 9.008295450167446461e+01
1.544865599280940849e+01 3.893418918498488779e+01 9.166485329479409927e+01
5.095315782894408585e+01 3.923028866167274487e+01 7.827135431279762656e+01
5.602795662603067228e+01 1.290008839241102656e+01 6.751775498324018088e+01
3.217295773461007258e+01 5.394098852135573452e+01 7.448685442454755901e+01
3.071195749787400331e+01 2.581148795387975525e+01 7.009525378337313839e+01
5.430155787026325243e+01 4.124998827662608392e+01 7.181305458006346498e+01
2.910935781206109496e+01 5.702558841593154426e+01 6.272085433491422890e+01
5.143095649528340374e+01 1.534628831611980715e+01 8.018685493897584138e+01
5.330325679419660645e+01 1.232218857960398495e+01 7.418095503133564250e+01
3.293305796246649209e+01 5.270928867461028489e+01 7.628625438392174374e+01
2.213565682960485503e+01 3.536388823157941630e+01 9.409735388914297971e+01
3.137855706713505199e+01 1.061088834125810898e+01 9.171435438169326915e+01
2.684005796247074116e+01 5.588058867461263901e+01 6.854855438392182521e+01
5.319155650400103497e+01 2.300178835842250180e+01 7.928135493408669277e+01
5.474825662623796774e+01 1.113898839422594733e+01 6.740795498426089694e+01
5.338295810090384919e+01 4.306308841187266268e+01 7.076795450553589717e+01
4.383375661857717631e+01 3.149418855918727900e+01 8.531975399736316490e+01
3.466745719662934277e+01 3.325208786610318867e+01 8.111155412295738643e+01
5.136675827774078584e+01 4.701278889792115478e+01 6.737875456353374659e+01
3.295095679193330795e+01 4.709758830034630250e+01 8.279665397016047734e+01
2.637325716535858433e+01 4.931188673097611108e+00 8.783485418644031029e+01
3.215935661857719907e+01 2.550498855918727159e+01 9.571915399736316488e+01
5.677955662603066855e+01 2.361368839241102080e+01 7.460025498324016269e+01
5.365545678444416211e+01 1.561738865089106554e+01 7.640185503256866184e+01
3.910235659222997384e+01 3.294058852616455368e+01 8.318785398499433370e+01
2.788175706713505519e+01 6.123188341258113176e+00 8.877175438169327037e+01
3.925255655522999376e+01 3.237778853695775183e+01 8.819105408680749747e+01
2.468685746940841241e+01 5.560328869102617233e+01 6.846165449565275196e+01
5.033245830429760304e+01 3.179348916768941180e+01 8.074525461585015762e+01
1.737995604260142102e+01 4.150048879364304355e+01 9.099465323008963935e+01
3.134765771338009799e+01 5.147308860980842837e+01 7.851445484178900358e+01
5.107755678444415537e+01 1.694978865089106534e+01 8.128295503256866539e+01
4.661845729377439085e+01 4.847468857510130391e+01 7.537785456191998890e+01
4.955445777714020750e+01 3.700028871998694058e+01 8.077675376982233502e+01
3.335675750673414797e+01 3.048088794219588848e+01 7.895655379404021801e+01
3.513675679815037256e+01 4.073108824062452271e+01 8.607625389075973033e+01
4.960605769137423948e+01 5.005478845355587936e+01 6.234935496689782752e+01
2.716675785417632483e+01 5.637918856573717363e+01 6.464235484429326561e+01
4.887375785149560414e+01 5.061348822100870848e+01 6.646405406743910760e+01
3.618285773461007437e+01 5.226718852135574167e+01 7.613135442454755264e+01
4.964865749886784130e+01 4.981058798567959656e+01 6.465685453531943949e+01
5.427975641678519025e+01 1.488038848321153118e+01 7.462205493674788670e+01
3.033415746941015101e+01 5.426138869102249629e+01 7.393015449565271524e+01
1.634245604279562869e+01 4.339298879373941276e+01 8.983955323007747040e+01
5.247845782219946642e+01 4.624218851587477985e+01 6.481525509090666048e+01
2.424465653576121582e+01 3.547588900780500865e+01 9.393665408841205533e+01
3.257265760224989748e+01 1.225168753130508748e+01 9.229555432395356718e+01
4.038145659223017958e+01 3.070688852616422082e+01 8.863825398499425035e+01
4.574035749055916256e+01 4.153718837780144213e+01 8.116605479074441121e+01
2.100415642489801371e+01 3.727928895679822574e+01 9.326635405822791824e+01
2.746265773461007242e+01 5.631238852135573580e+01 6.667655442454754677e+01
3.241145783715290207e+01 2.742728733682744036e+01 6.890685338275307004e+01
2.751255777989791440e+01 7.507788297773090314e+00 9.012975404737690610e+01
2.687115769637289731e+01 5.641138858606143458e+01 6.177975440120535922e+01
3.007775682977891307e+01 4.056518823162890897e+01 9.046625388915985866e+01
3.072195749174563062e+01 2.729938784622992287e+01 7.351335391312329648e+01
1.983655604260141914e+01 4.643748879364304116e+01 8.946145323008963146e+01
5.331245639726594732e+01 1.993038828613943281e+01 7.870985494030963991e+01
3.575255659222975169e+01 3.479468852616476937e+01 8.918565398499434593e+01
4.660515725702929757e+01 4.637598828450802557e+01 7.734815464649109629e+01
3.882445811008749104e+01 4.183828867424799824e+01 8.357515466683221916e+01
4.521985655522964009e+01 2.922058853695796543e+01 8.548515408680746930e+01
3.079235706713505394e+01 2.220178834125811207e+01 9.634315438169326740e+01
3.142515692971627317e+01 1.799128858857008950e+01 9.519625437512578969e+01
5.732755649528341024e+01 1.685648831611980825e+01 7.000595493897583310e+01
3.392055671362879821e+01 4.230978816723038705e+01 8.576965381193903681e+01
8.303355992809409614e+00 4.254638918498488920e+01 8.618895329479410350e+01
4.928495776968551212e+01 4.573868842377869015e+01 7.455205457759936394e+01
8.777656040234282031e+00 4.514418920438892258e+01 8.533485320950410369e+01
2.191125604023428508e+01 4.419608920438892596e+01 9.051935320950410357e+01
4.350105813039483849e+01 4.552488860251090586e+01 8.072935482906954974e+01
2.582855760224988728e+01 1.178008753130508879e+01 9.410875432395357620e+01
2.872915642070097775e+01 3.443308900173730791e+01 9.339965406024872152e+01
3.296905796247073539e+01 5.054998867461262790e+01 7.927095438392181848e+01
2.241735706313810184e+01 5.004388368596574210e+00 8.814335450167446595e+01
3.080965769637280260e+01 5.268358858606107020e+01 7.686075440120534097e+01
4.848605810927443827e+01 3.878848867372178688e+01 8.061365466634265431e+01
4.648595800052899563e+01 3.668908869479327706e+01 8.278115498865740562e+01
2.501065653576121406e+01 3.769768900780500331e+01 9.295685408841205799e+01
4.937015655522944968e+01 2.768758853695807431e+01 8.274605408680743324e+01
3.610185742494450523e+01 3.485678780920278541e+01 8.069715385679091924e+01
5.050555662366369347e+01 1.942598815399110990e+01 8.235135482062743506e+01
2.595475777989791411e+01 6.558688297773090703e+00 8.937585404737690453e+01
2.861265692971626962e+01 1.369658858857009065e+01 9.444395437512579861e+01
3.767135748854487076e+01 3.315058784479349896e+01 7.846565391334416972e+01
3.898355740313785844e+01 1.703078798936462235e+01 9.160525423517670163e+01
3.693025815914911902e+01 4.110548858612263246e+01 8.486845481665534408e+01
4.650235664686598369e+01 3.104158857352541290e+01 8.387245396100681205e+01
2.923725653576121886e+01 4.852448900780500907e+01 8.273015408841206408e+01
4.126635667150123510e+01 2.771568863237628833e+01 8.962765399978137282e+01
4.666895811008749462e+01 3.940618867424799987e+01 8.155005466683221016e+01
3.323685671362883198e+01 3.754338816723029737e+01 9.002235381193891328e+01
3.051675785417632270e+01 5.025308856573721528e+01 8.033565484429327341e+01
5.202715717176131704e+01 4.560818830725468587e+01 6.873925386539377769e+01
4.124555661632766146e+01 3.176028859777275670e+01 8.658675404849591928e+01
5.463385662701125511e+01 2.116798815446000148e+01 7.714405481975778400e+01
3.436865795937563917e+01 5.648708867285974122e+01 6.891195438387794070e+01
8.564655721992133763e+00 4.075538966708279531e+01 8.738285305537819170e+01
3.350605706313810828e+01 9.146388368596571894e+00 9.014965450167446193e+01
5.448625785149560130e+01 4.259238822100871147e+01 6.900165406743910523e+01
5.099675785149560170e+01 4.800158822100871703e+01 5.979515406743909267e+01
2.298185639185277296e+01 3.925738910123117620e+01 9.250745406480160682e+01
5.435925679419661094e+01 2.827708857960399413e+01 7.777045503133564353e+01
3.546375642070096035e+01 3.902908900173730444e+01 8.771485406024872589e+01
3.104845642070097256e+01 4.727828900173730631e+01 8.338795406024871681e+01
4.398615798595146487e+01 4.242548889330596751e+01 8.190155392143687152e+01
3.332355738277884427e+01 3.255698787331209587e+01 7.883465382922510400e+01
1.136075599280856707e+01 4.349838918498390683e+01 8.785045329479451937e+01
1.951905590276928848e+01 3.926228919121361116e+01 9.236165337375742013e+01
2.890035679193419682e+01 3.658478830034515994e+01 9.247595397015899721e+01
4.724565753811911151e+01 4.219198882893306290e+01 7.966005407126267812e+01
6.586655902769285476e+00 4.146208919121361447e+01 8.547865337375741035e+01
2.838455692971627187e+01 1.006778858857009062e+01 9.215465437512580138e+01
3.060075773459402271e+01 5.628798852133299135e+01 6.857595442454669410e+01
2.861375745067645937e+01 1.204848817561189023e+01 9.335855439734451977e+01
4.906105676395398518e+01 2.587808828245740500e+01 8.344675456700826999e+01
5.122035784930597657e+01 4.772828767206581091e+01 6.537065430069704064e+01
5.287415679419660819e+01 2.805638857960398980e+01 7.935785503133564589e+01
5.108565749886784602e+01 4.813368798567959317e+01 6.239665453531944195e+01
1.892455604023428606e+01 4.469458920438892591e+01 8.998525320950409423e+01
3.557645692971627938e+01 1.132838858857009079e+01 9.081585437512579517e+01
3.143755679193419539e+01 4.238918830034516105e+01 8.907235397015898570e+01
4.195125687040987117e+01 3.375528849166177991e+01 8.520675446315210877e+01
3.993605811008749384e+01 4.687428867424799961e+01 8.001655466683220652e+01
3.457805760224989200e+01 1.677218753130508588e+01 9.344525432395356290e+01
3.553865731795030314e+01 3.431178778035481258e+01 7.891695362708942696e+01
1.166015599280940940e+01 3.983158918498488532e+01 8.976675329479409982e+01
2.569275785417632463e+01 5.356268856573717585e+01 7.572315484429327626e+01
2.434405682964327511e+01 4.530498823158866628e+01 8.993325388914634289e+01
5.280175641678518161e+01 1.790808848321153235e+01 7.893755493674787260e+01
4.532975812685257466e+01 4.786748840089873624e+01 7.757315470331418794e+01
3.754825683586769003e+01 3.199538839147450631e+01 8.237745457179083530e+01
4.428405690772954983e+01 3.332598840612558888e+01 8.424545456988408887e+01
3.793595742494450462e+01 3.463728780920278894e+01 7.980765385679092105e+01
4.112925676395392571e+01 2.425428828245745905e+01 9.074055456700824607e+01
5.060895662623796909e+01 2.177358839422594272e+01 8.232885498426090010e+01
5.089015769137423462e+01 4.351508845355587596e+01 7.463735496689783133e+01
3.607205742494450362e+01 3.333798780920278659e+01 7.686755385679092001e+01
3.650895749174562610e+01 3.102748784622992417e+01 7.678195391312331708e+01
3.316485769305923270e+01 4.862958858972685761e+01 8.128025440111260025e+01
5.453625649528340347e+01 2.311528831611980905e+01 7.750795493897582844e+01
3.325915642070096112e+01 3.520258900173730154e+01 9.091895406024872273e+01
2.566615773461007421e+01 5.436928852135574175e+01 7.362745442454755107e+01
3.588535692971627356e+01 1.831328858857008868e+01 9.330095437512579792e+01
3.938445811057837176e+01 4.369648867426430172e+01 8.233705466634347658e+01
5.442785782219947066e+01 4.394638851587478001e+01 6.477565509090666751e+01
1.777745590276928667e+01 4.613198919121361286e+01 8.922165337375741956e+01
5.356575785149560431e+01 4.507048822100871632e+01 6.266115406743909233e+01
5.433485653741376353e+01 1.861268836353061573e+01 7.676625430336767408e+01
4.461175725967966343e+01 4.043718828413241795e+01 8.236125465294900039e+01
3.892135686008397499e+01 2.349688836489625032e+01 9.212815450904176373e+01
5.224005754802403345e+01 4.216118805590900109e+01 7.416255400756284644e+01
5.226305812676298501e+01 3.976088840098900334e+01 7.645155470325178726e+01
4.842375744842224350e+01 5.037958850357224350e+01 6.902475464977305819e+01
4.491865766920310676e+01 4.362988879400063524e+01 8.067975405818351931e+01
3.500675659222975611e+01 3.683858852616477009e+01 8.896655398499434853e+01
3.467145769305923153e+01 4.732558858972686266e+01 8.193265440111260034e+01
3.109485716535858657e+01 7.495388673097611587e+00 8.949625418644029651e+01
5.107235672061050025e+01 2.875878866869039996e+01 8.096255438209050226e+01
3.772015702150324756e+01 2.072668849687740433e+01 9.276085464520390644e+01
4.797995744842224042e+01 4.721828850357224638e+01 7.479855464977306667e+01
7.097755931228861392e+00 4.357138916288542418e+01 8.478475329341591760e+01
3.562265690772958493e+01 2.702138840612560600e+01 9.349325456988427163e+01
2.787325737081292232e+01 5.076718874955195560e+01 8.032885546320252956e+01
1.508865587879114756e+01 4.174188907436052887e+01 9.031545335237382233e+01
2.538725642069605470e+01 3.949598900172515670e+01 9.215675406023139260e+01
2.308895642489801148e+01 3.731858895679822297e+01 9.321945405822791031e+01
2.425895777989791213e+01 8.292888297773094664e+00 9.166965404737689482e+01
4.002655687040993371e+01 3.587458849166162622e+01 8.557445446315212223e+01
1.466895604023428135e+01 4.490468920438892297e+01 8.868285320950408845e+01
3.786065811008749193e+01 4.571958867424800133e+01 8.179525466683220714e+01
3.235545760226975887e+01 1.634758753119619712e+01 9.422605432398403025e+01
5.102205744842224533e+01 4.528318850357224790e+01 7.191595464977305596e+01
5.009325722931905744e+01 4.871578862264603060e+01 6.734235491376837501e+01
1.978615572199213091e+01 3.587188966708279025e+01 9.378945305537820332e+01
2.860365776631606849e+01 5.277268869134890394e+01 7.687305559799686705e+01
2.869745788573216316e+01 5.625458871257367122e+01 6.815755557566052403e+01
2.916135716535858791e+01 1.950318867309761117e+01 9.658735418644030801e+01
4.856175770971267980e+01 3.211398871685177880e+01 8.198625427195443649e+01
2.937245776631963778e+01 5.135138869135153783e+01 7.908885559799718123e+01
4.265205733481632677e+01 4.404638847345667330e+01 8.197665374677146133e+01
3.366015745067645781e+01 1.086658817561188961e+01 9.118995439734452191e+01
5.485815746790544267e+01 4.289328855389402406e+01 6.682035465458584156e+01
3.439355760224989211e+01 1.302298753130508757e+01 9.209225432395358268e+01
3.809525763352725392e+01 3.587988891680376469e+01 8.202385350105564044e+01
3.665405693337681470e+01 4.473488858213053021e+01 8.305055396215600183e+01
3.775105763352725319e+01 4.848478891680376535e+01 7.965035350105563339e+01
5.047785676395398724e+01 2.504268828245740508e+01 8.217125456700827613e+01
3.312175675707513278e+01 4.143918860650720859e+01 8.850045408379580181e+01
4.928465746790543989e+01 4.874448855389402979e+01 7.011685465458583622e+01
4.999835790121053236e+01 4.926268867776114035e+01 5.869085479095393509e+01
4.873335687814717687e+01 3.003208861672258578e+01 8.259445440391115767e+01
5.038295772285644603e+01 4.243148901207084123e+01 7.636255366956694957e+01
3.305525642070096382e+01 4.396288900173730951e+01 8.521655406024872548e+01
5.708945638246267862e+01 2.168538862735706729e+01 7.360725450251783286e+01
3.092365659980434600e+01 3.719208854865704694e+01 9.143325399422613486e+01
3.583305777989791352e+01 2.100668829777309199e+01 9.375395404737690797e+01
4.877805662420899324e+01 2.320578851080132665e+01 8.417235453458964400e+01
4.704305683587030984e+01 2.378348839146951477e+01 8.573805457179554423e+01
1.286025587879114873e+01 3.804338907436053319e+01 9.111455335237381803e+01
4.853965669289418372e+01 2.125698861703940779e+01 8.466365447238639774e+01
3.748725690772953101e+01 2.568998840612558610e+01 9.265475456988397696e+01
3.097385776631606547e+01 5.507778869134890698e+01 7.212265559799685377e+01
3.800095741879013644e+01 3.196168785839675763e+01 8.034035395127619950e+01
1.609605581029390819e+01 3.723818909510711705e+01 9.252415333763342176e+01
3.765395706713506740e+01 1.441248834125811129e+01 9.139065438169326683e+01
3.440315763889822165e+01 4.941698828843820479e+01 8.003315553414797989e+01
2.407775642077596956e+01 4.092098900177067833e+01 9.172955406036538761e+01
3.830755776631605869e+01 5.180658869134889954e+01 7.606525559799685254e+01
3.785765683587025876e+01 3.376608839147362318e+01 8.807285457179018806e+01
3.789625687814724131e+01 3.459978861672260564e+01 8.561685440391110546e+01
4.290485804437962258e+01 3.564288895297769244e+01 8.465655429630781725e+01
4.481035763352727486e+01 3.614908891680374126e+01 8.374595350105563796e+01
5.172575672037436334e+01 2.284628866863827668e+01 8.101815438210780940e+01
5.254965672037435809e+01 1.302618866863827840e+01 7.667935438210781740e+01
4.571755690772945258e+01 2.530008840612556753e+01 8.642435456988330600e+01
3.960825687814721618e+01 2.938348861672260171e+01 8.998505440391110710e+01
3.359885776631605836e+01 5.481198869134890117e+01 7.259935559799686189e+01
3.840945770289879846e+01 3.645028871484601041e+01 8.423855429477561074e+01
5.336665727982312291e+01 4.015578864549152627e+01 7.468705492889294817e+01
3.461505609513815074e+01 4.545248853414959456e+01 8.343725402311218886e+01
3.981185687040993315e+01 3.396298849166162626e+01 8.598575446315211934e+01
4.067755733481600089e+01 3.472728847346383674e+01 8.348555374677823693e+01
5.633095672037435975e+01 1.684068866863827907e+01 7.208605438210781813e+01
2.500745661027865197e+01 4.354038853467281456e+01 9.057745404723773675e+01
2.832265654420819345e+01 4.237528833922557681e+01 9.036315433483450477e+01
3.765685693337681528e+01 3.688578858213052314e+01 8.606085396215600269e+01
3.055295651506913401e+01 1.229908800916480338e+01 9.289565479596508624e+01
4.144315733481600006e+01 4.102598847346383337e+01 8.375685374677823347e+01
3.589875776631606641e+01 5.505158869134890409e+01 7.199375559799685220e+01
3.763685733261087307e+01 1.831238821518448034e+01 9.238715488350625549e+01
5.663405662420899489e+01 1.978838851080132599e+01 7.355545453458964289e+01
3.270865685297324177e+01 2.344408883038134306e+01 9.545275422247738106e+01
2.843695785260025488e+01 5.513248886806055538e+01 7.183955557910988432e+01
2.650165763889823722e+01 5.229238828843820386e+01 7.817665553414796875e+01
3.955565760046155788e+01 2.569598815507689693e+01 9.138565414960162059e+01
2.622095733261088313e+01 1.372938821518448371e+01 9.520725488350625199e+01
3.272445672586517418e+01 3.968448820232294594e+01 8.944555442473121332e+01
2.688655606526822339e+01 4.445138793457790882e+01 8.989975371024607398e+01
5.292835735220960203e+01 4.499628870144835702e+01 6.704005445421439902e+01
1.391805598693810531e+01 4.019438901611092518e+01 9.059025340754718059e+01
1.337455599280941065e+01 4.332358918498488976e+01 8.891195329479410248e+01
3.670215738277883588e+01 3.078988787331209309e+01 7.921855382922511524e+01
3.483275741879015897e+01 3.054188785839722087e+01 9.275745395127638915e+01
4.300995805068042444e+01 3.772168898357634248e+01 8.404665430444919139e+01
3.618075749174562361e+01 3.111018784622992683e+01 8.108365391312331383e+01
3.062935704642098145e+01 1.424128830980533600e+01 9.378035449059666462e+01
5.237205638218305381e+01 1.449418862772075478e+01 7.812815450151873620e+01
5.758515662412455782e+01 1.908248851075074626e+01 7.144015453452645659e+01
5.566655672043552983e+01 2.590118866861514135e+01 7.634365438209519539e+01
1.113315588118073052e+01 4.581528926758429066e+01 8.656105334913664251e+01
4.472455769703775985e+01 3.807718872126733345e+01 8.319135422877867825e+01
3.718335747640772126e+01 3.552858801776397968e+01 8.753655401098887978e+01
4.022965740313785687e+01 1.846558798936462154e+01 9.129205423517669260e+01
2.015995598364889929e+01 4.335768921369496098e+01 9.068695335886945941e+01
3.274595776631505828e+01 5.682048869134821700e+01 6.762425559799662267e+01
3.396375776631602150e+01 5.566608869134886817e+01 7.087775559799685254e+01
3.563125609515974190e+01 4.272828853418707951e+01 8.475405402311449166e+01
4.851775804654526070e+01 4.284198898768610775e+01 7.806645417650334196e+01
2.198215607020619444e+01 4.629698910884781071e+01 8.967985318340642209e+01
3.084965685297324001e+01 2.027338883038133943e+01 9.604125422247737731e+01
3.802415747640733912e+01 2.782008801776406415e+01 9.173675401098803661e+01
5.220825746790544031e+01 4.471458855389403197e+01 7.049295465458583010e+01
2.968185606526821729e+01 4.375178793457791215e+01 8.931435371024608116e+01
3.318365751030418664e+01 2.732588809437820743e+01 9.487315407579424686e+01
4.686375733794994147e+01 3.304958882791392938e+01 8.278525448679975796e+01
1.608875607020619469e+01 4.723638910884780273e+01 8.828375318340641797e+01
2.767045672586517924e+01 3.883128820232294487e+01 9.193695442473121204e+01
3.468665785260415646e+01 5.085348886805852686e+01 7.833135557910982527e+01
3.649255733481599862e+01 4.762048847346383695e+01 8.093665374677823365e+01
3.019165701161698578e+01 1.612788833676790290e+01 9.497355454347294312e+01
2.991695776631577885e+01 5.557978869134868916e+01 7.057175559799685516e+01
4.883015741841410318e+01 4.034338892275112443e+01 7.946565487556750895e+01
4.664525746545001539e+01 2.743788798462525236e+01 8.508085401578630069e+01
3.425575763468479096e+01 3.145998813018155360e+01 8.051935388242306146e+01
3.503485707194280252e+01 1.491538837799818040e+01 9.261595452430466935e+01
3.940835746544993867e+01 2.147698798462512215e+01 9.194095401578626081e+01
4.120255741878981581e+01 2.186288785839711224e+01 9.095715395127625413e+01
3.864315745456040929e+01 3.106908802669118685e+01 8.961525414024818303e+01
1.849505588118072552e+01 3.711298926758428962e+01 9.307195334913666329e+01
2.804335733261088137e+01 1.558458821518448545e+01 9.558365488350625583e+01
3.191795645979365403e+01 4.574038830495960184e+01 8.434395418786161258e+01
5.009495763352729369e+01 4.099458891680371408e+01 7.783845350105562488e+01
3.588045746545027725e+01 3.157168798462512171e+01 9.138235401578639028e+01
2.837725776631606678e+01 5.437638869134890740e+01 7.389595559799685986e+01
3.689845755558312135e+01 2.255668807301796264e+01 9.321075415048629509e+01
3.917475741879014350e+01 3.334118785839675780e+01 8.123675395127619936e+01
3.313295733261087861e+01 1.444258821518448421e+01 9.317785488350624234e+01
3.368645701161698014e+01 2.159938833676790182e+01 9.485505454347294574e+01
2.973415733261088434e+01 8.530588215184483403e+00 9.055495488350624100e+01
3.483325776631605919e+01 5.363598869134889924e+01 7.457435559799685620e+01
4.774625747640732243e+01 2.855798801776393603e+01 8.384045401098771322e+01
3.720015741879016247e+01 3.263578785839718677e+01 8.963415395127636032e+01
3.654175741879011241e+01 2.935828785839730770e+01 9.210385395127642028e+01
3.354645651506913140e+01 1.938908800916480857e+01 9.459075479596508274e+01
5.238245662398588109e+01 2.479038851060976256e+01 8.022075453441200921e+01
4.712275790121053376e+01 4.937418867776113984e+01 7.362925479095392234e+01
1.219605602969204661e+01 4.178798927201365387e+01 8.905695331534444392e+01
5.223975652876586651e+01 3.033178844898075610e+01 7.952405456630290814e+01
3.658655654420819303e+01 3.915848833922557048e+01 8.592205433483451316e+01
2.961355658215310527e+01 3.882058850327390331e+01 9.135075402849037118e+01
3.428005741878909163e+01 2.896168785839575222e+01 9.375085395127551635e+01
3.866555785260386813e+01 5.034408886805865535e+01 7.750775557910985469e+01
4.784085790121053350e+01 5.003988867776114091e+01 7.123975479095392416e+01
1.349715607020715957e+01 4.666058910885610800e+01 8.753135318340675042e+01
4.287615802932524645e+01 3.970418897780490397e+01 8.352405417735484150e+01
4.725135755555178463e+01 2.560628807301792520e+01 8.511835415047070796e+01
2.671005654420819653e+01 3.597168833922557241e+01 9.334805433483451509e+01
5.181415735220960528e+01 4.362548870144835433e+01 7.291895445421440058e+01
4.526845733481599865e+01 4.605788847346383363e+01 7.894945374677823224e+01
3.113515785260386792e+01 4.891558886805865569e+01 8.168485557910985051e+01
2.669945725642707757e+01 4.141168829699600451e+01 9.117215400570894701e+01
3.977455733481530586e+01 4.841958847345701855e+01 7.881185374678113931e+01
2.131125607020478085e+01 4.062748910886367071e+01 9.193755318340321026e+01
3.517765663071941162e+01 2.280398866224932775e+01 9.417565393647045369e+01
2.274015659073960549e+01 4.229248819022649997e+01 9.130615318903262789e+01
3.477295650345262601e+01 2.539468857430240334e+01 9.427715401254934591e+01
